1.0	0.08333333333333333	2	9	0.0
1.0	0.08333333333333333	4	9	0.0
1.0	0.08333333333333333	8	9	0.0
1.0	0.08333333333333333	16	9	0.0
1.0	0.08333333333333333	32	9	0.0
1.0	0.08333333333333333	64	9	0.0
1.0	0.08333333333333333	128	9	0.1
1.0	0.08333333333333333	256	9	0.4
1.0	0.08333333333333333	512	9	0.8
1.0	0.08333333333333333	1024	9	0.9
1.0	0.08333333333333333	768	9	0.9
1.0	0.08333333333333333	640	9	1.0
1.0	0.08333333333333333	576	9	0.8
1.0	0.08333333333333333	608	9	0.9
1.0	0.08333333333333333	592	9	0.9
1.0	0.08333333333333333	584	9	0.7
1.0	0.08333333333333333	588	9	0.8
1.0	0.08333333333333333	590	9	1.0
1.0	0.08333333333333333	589	9	0.9
0.5	0.08333333333333333	2	9	0.0
0.5	0.08333333333333333	4	9	0.0
0.5	0.08333333333333333	8	9	0.0
0.5	0.08333333333333333	16	9	0.0
0.5	0.08333333333333333	32	9	0.0
0.5	0.08333333333333333	64	9	0.0
0.5	0.08333333333333333	128	9	0.0
0.5	0.08333333333333333	256	9	0.5
0.5	0.08333333333333333	512	9	0.5
0.5	0.08333333333333333	1024	9	1.0
0.5	0.08333333333333333	768	9	1.0
0.5	0.08333333333333333	640	9	0.8
0.5	0.08333333333333333	704	9	0.9
0.5	0.08333333333333333	672	9	0.9
0.5	0.08333333333333333	656	9	1.0
0.5	0.08333333333333333	648	9	0.9
0.5	0.08333333333333333	644	9	1.0
0.5	0.08333333333333333	642	9	1.0
0.5	0.08333333333333333	641	9	1.0
0.2	0.08333333333333333	2	9	0.0
0.2	0.08333333333333333	4	9	0.0
0.2	0.08333333333333333	8	9	0.0
0.2	0.08333333333333333	16	9	0.0
0.2	0.08333333333333333	32	9	0.0
0.2	0.08333333333333333	64	9	0.0
0.2	0.08333333333333333	128	9	0.0
0.2	0.08333333333333333	256	9	0.9
0.2	0.08333333333333333	192	9	0.7
0.2	0.08333333333333333	224	9	0.7
0.2	0.08333333333333333	240	9	0.6
0.2	0.08333333333333333	248	9	0.7
0.2	0.08333333333333333	252	9	0.4
0.2	0.08333333333333333	254	9	0.7
0.2	0.08333333333333333	255	9	0.9
0.1111111111111111	0.08333333333333333	2	9	0.0
0.1111111111111111	0.08333333333333333	4	9	0.0
0.1111111111111111	0.08333333333333333	8	9	0.0
0.1111111111111111	0.08333333333333333	16	9	0.0
0.1111111111111111	0.08333333333333333	32	9	0.0
0.1111111111111111	0.08333333333333333	64	9	0.0
0.1111111111111111	0.08333333333333333	128	9	0.1
0.1111111111111111	0.08333333333333333	256	9	0.8
0.1111111111111111	0.08333333333333333	512	9	1.0
0.1111111111111111	0.08333333333333333	384	9	1.0
0.1111111111111111	0.08333333333333333	320	9	0.9
0.1111111111111111	0.08333333333333333	288	9	1.0
0.1111111111111111	0.08333333333333333	272	9	0.6
0.1111111111111111	0.08333333333333333	280	9	0.8
0.1111111111111111	0.08333333333333333	284	9	0.9
0.1111111111111111	0.08333333333333333	282	9	0.9
0.1111111111111111	0.08333333333333333	281	9	0.9
0.07692307692307693	0.08333333333333333	2	9	0.0
0.07692307692307693	0.08333333333333333	4	9	0.0
0.07692307692307693	0.08333333333333333	8	9	0.0
0.07692307692307693	0.08333333333333333	16	9	0.0
0.07692307692307693	0.08333333333333333	32	9	0.0
0.07692307692307693	0.08333333333333333	64	9	0.0
0.07692307692307693	0.08333333333333333	128	9	0.4
0.07692307692307693	0.08333333333333333	256	9	0.8
0.07692307692307693	0.08333333333333333	512	9	1.0
0.07692307692307693	0.08333333333333333	384	9	0.9
0.07692307692307693	0.08333333333333333	320	9	1.0
0.07692307692307693	0.08333333333333333	288	9	0.7
0.07692307692307693	0.08333333333333333	304	9	0.8
0.07692307692307693	0.08333333333333333	312	9	0.9
0.07692307692307693	0.08333333333333333	308	9	0.8
0.07692307692307693	0.08333333333333333	310	9	1.0
0.07692307692307693	0.08333333333333333	309	9	0.7
0.05882352941176471	0.08333333333333333	2	9	0.0
0.05882352941176471	0.08333333333333333	4	9	0.0
0.05882352941176471	0.08333333333333333	8	9	0.0
0.05882352941176471	0.08333333333333333	16	9	0.0
0.05882352941176471	0.08333333333333333	32	9	0.0
0.05882352941176471	0.08333333333333333	64	9	0.1
0.05882352941176471	0.08333333333333333	128	9	0.5
0.05882352941176471	0.08333333333333333	256	9	0.8
0.05882352941176471	0.08333333333333333	512	9	0.9
0.05882352941176471	0.08333333333333333	384	9	1.0
0.05882352941176471	0.08333333333333333	320	9	0.8
0.05882352941176471	0.08333333333333333	352	9	1.0
0.05882352941176471	0.08333333333333333	336	9	0.9
0.05882352941176471	0.08333333333333333	328	9	0.8
0.05882352941176471	0.08333333333333333	332	9	0.8
0.05882352941176471	0.08333333333333333	334	9	1.0
0.05882352941176471	0.08333333333333333	333	9	1.0
0.047619047619047616	0.08333333333333333	2	9	0.0
0.047619047619047616	0.08333333333333333	4	9	0.0
0.047619047619047616	0.08333333333333333	8	9	0.0
0.047619047619047616	0.08333333333333333	16	9	0.0
0.047619047619047616	0.08333333333333333	32	9	0.0
0.047619047619047616	0.08333333333333333	64	9	0.0
0.047619047619047616	0.08333333333333333	128	9	0.3
0.047619047619047616	0.08333333333333333	256	9	0.9
0.047619047619047616	0.08333333333333333	192	9	0.6
0.047619047619047616	0.08333333333333333	224	9	0.7
0.047619047619047616	0.08333333333333333	240	9	0.9
0.047619047619047616	0.08333333333333333	232	9	0.9
0.047619047619047616	0.08333333333333333	228	9	0.8
0.047619047619047616	0.08333333333333333	230	9	0.8
0.047619047619047616	0.08333333333333333	231	9	0.6
0.04	0.08333333333333333	2	9	0.0
0.04	0.08333333333333333	4	9	0.0
0.04	0.08333333333333333	8	9	0.0
0.04	0.08333333333333333	16	9	0.0
0.04	0.08333333333333333	32	9	0.0
0.04	0.08333333333333333	64	9	0.1
0.04	0.08333333333333333	128	9	0.3
0.04	0.08333333333333333	256	9	0.9
0.04	0.08333333333333333	192	9	0.7
0.04	0.08333333333333333	224	9	0.9
0.04	0.08333333333333333	208	9	0.8
0.04	0.08333333333333333	216	9	0.7
0.04	0.08333333333333333	220	9	0.6
0.04	0.08333333333333333	222	9	0.7
0.04	0.08333333333333333	223	9	0.7
0.03448275862068965	0.08333333333333333	2	9	0.0
0.03448275862068965	0.08333333333333333	4	9	0.0
0.03448275862068965	0.08333333333333333	8	9	0.0
0.03448275862068965	0.08333333333333333	16	9	0.0
0.03448275862068965	0.08333333333333333	32	9	0.0
0.03448275862068965	0.08333333333333333	64	9	0.0
0.03448275862068965	0.08333333333333333	128	9	0.4
0.03448275862068965	0.08333333333333333	256	9	0.9
0.03448275862068965	0.08333333333333333	192	9	0.7
0.03448275862068965	0.08333333333333333	224	9	0.8
0.03448275862068965	0.08333333333333333	240	9	0.6
0.03448275862068965	0.08333333333333333	248	9	0.7
0.03448275862068965	0.08333333333333333	252	9	0.8
0.03448275862068965	0.08333333333333333	254	9	0.9
0.03448275862068965	0.08333333333333333	253	9	0.9
0.030303030303030307	0.08333333333333333	2	9	0.0
0.030303030303030307	0.08333333333333333	4	9	0.0
0.030303030303030307	0.08333333333333333	8	9	0.0
0.030303030303030307	0.08333333333333333	16	9	0.0
0.030303030303030307	0.08333333333333333	32	9	0.0
0.030303030303030307	0.08333333333333333	64	9	0.2
0.030303030303030307	0.08333333333333333	128	9	0.4
0.030303030303030307	0.08333333333333333	256	9	1.0
0.030303030303030307	0.08333333333333333	192	9	0.7
0.030303030303030307	0.08333333333333333	224	9	0.7
0.030303030303030307	0.08333333333333333	240	9	1.0
0.030303030303030307	0.08333333333333333	232	9	0.8
0.030303030303030307	0.08333333333333333	236	9	0.8
0.030303030303030307	0.08333333333333333	238	9	1.0
0.030303030303030307	0.08333333333333333	237	9	0.9
0.006666666666666667	0.08333333333333333	2	9	0.0
0.006666666666666667	0.08333333333333333	4	9	0.0
0.006666666666666667	0.08333333333333333	8	9	0.0
0.006666666666666667	0.08333333333333333	16	9	0.0
0.006666666666666667	0.08333333333333333	32	9	0.0
0.006666666666666667	0.08333333333333333	64	9	0.0
0.006666666666666667	0.08333333333333333	128	9	0.3
0.006666666666666667	0.08333333333333333	256	9	0.9
0.006666666666666667	0.08333333333333333	192	9	0.7
0.006666666666666667	0.08333333333333333	224	9	0.9
0.006666666666666667	0.08333333333333333	208	9	1.0
0.006666666666666667	0.08333333333333333	200	9	0.5
0.006666666666666667	0.08333333333333333	204	9	0.8
0.006666666666666667	0.08333333333333333	206	9	0.8
0.006666666666666667	0.08333333333333333	207	9	0.7
0.0033333333333333327	0.08333333333333333	2	9	0.0
0.0033333333333333327	0.08333333333333333	4	9	0.0
0.0033333333333333327	0.08333333333333333	8	9	0.0
0.0033333333333333327	0.08333333333333333	16	9	0.0
0.0033333333333333327	0.08333333333333333	32	9	0.0
0.0033333333333333327	0.08333333333333333	64	9	0.1
0.0033333333333333327	0.08333333333333333	128	9	0.7
0.0033333333333333327	0.08333333333333333	256	9	0.8
0.0033333333333333327	0.08333333333333333	512	9	1.0
0.0033333333333333327	0.08333333333333333	384	9	1.0
0.0033333333333333327	0.08333333333333333	320	9	0.8
0.0033333333333333327	0.08333333333333333	352	9	0.9
0.0033333333333333327	0.08333333333333333	336	9	1.0
0.0033333333333333327	0.08333333333333333	328	9	0.8
0.0033333333333333327	0.08333333333333333	332	9	1.0
0.0033333333333333327	0.08333333333333333	330	9	0.9
0.0033333333333333327	0.08333333333333333	329	9	0.9
1.0	0.1	2	9	0.0
1.0	0.1	4	9	0.0
1.0	0.1	8	9	0.0
1.0	0.1	16	9	0.0
1.0	0.1	32	9	0.0
1.0	0.1	64	9	0.0
1.0	0.1	128	9	0.1
1.0	0.1	256	9	0.3
1.0	0.1	512	9	1.0
1.0	0.1	384	9	0.7
1.0	0.1	448	9	0.9
1.0	0.1	416	9	0.9
1.0	0.1	400	9	0.7
1.0	0.1	408	9	0.7
1.0	0.1	412	9	0.8
1.0	0.1	414	9	0.8
1.0	0.1	415	9	0.6
0.5	0.1	2	9	0.0
0.5	0.1	4	9	0.0
0.5	0.1	8	9	0.0
0.5	0.1	16	9	0.0
0.5	0.1	32	9	0.0
0.5	0.1	64	9	0.0
0.5	0.1	128	9	0.3
0.5	0.1	256	9	0.8
0.5	0.1	512	9	0.9
0.5	0.1	384	9	0.9
0.5	0.1	320	9	0.7
0.5	0.1	352	9	0.9
0.5	0.1	336	9	0.7
0.5	0.1	344	9	0.7
0.5	0.1	348	9	0.8
0.5	0.1	350	9	0.8
0.5	0.1	351	9	0.6
0.2	0.1	2	9	0.0
0.2	0.1	4	9	0.0
0.2	0.1	8	9	0.0
0.2	0.1	16	9	0.0
0.2	0.1	32	9	0.0
0.2	0.1	64	9	0.0
0.2	0.1	128	9	0.2
0.2	0.1	256	9	0.8
0.2	0.1	512	9	1.0
0.2	0.1	384	9	0.9
0.2	0.1	320	9	1.0
0.2	0.1	288	9	0.9
0.2	0.1	272	9	0.9
0.2	0.1	264	9	0.9
0.2	0.1	260	9	0.9
0.2	0.1	258	9	0.7
0.2	0.1	259	9	0.6
0.1111111111111111	0.1	2	9	0.0
0.1111111111111111	0.1	4	9	0.0
0.1111111111111111	0.1	8	9	0.0
0.1111111111111111	0.1	16	9	0.0
0.1111111111111111	0.1	32	9	0.0
0.1111111111111111	0.1	64	9	0.1
0.1111111111111111	0.1	128	9	0.4
0.1111111111111111	0.1	256	9	1.0
0.1111111111111111	0.1	192	9	0.9
0.1111111111111111	0.1	160	9	0.5
0.1111111111111111	0.1	176	9	0.8
0.1111111111111111	0.1	184	9	0.8
0.1111111111111111	0.1	188	9	0.5
0.1111111111111111	0.1	190	9	0.7
0.1111111111111111	0.1	191	9	0.6
0.07692307692307693	0.1	2	9	0.0
0.07692307692307693	0.1	4	9	0.0
0.07692307692307693	0.1	8	9	0.0
0.07692307692307693	0.1	16	9	0.0
0.07692307692307693	0.1	32	9	0.0
0.07692307692307693	0.1	64	9	0.0
0.07692307692307693	0.1	128	9	0.3
0.07692307692307693	0.1	256	9	0.9
0.07692307692307693	0.1	192	9	0.8
0.07692307692307693	0.1	224	9	0.9
0.07692307692307693	0.1	208	9	0.9
0.07692307692307693	0.1	200	9	0.8
0.07692307692307693	0.1	204	9	0.7
0.07692307692307693	0.1	206	9	0.5
0.07692307692307693	0.1	207	9	0.9
0.05882352941176471	0.1	2	9	0.0
0.05882352941176471	0.1	4	9	0.0
0.05882352941176471	0.1	8	9	0.0
0.05882352941176471	0.1	16	9	0.0
0.05882352941176471	0.1	32	9	0.0
0.05882352941176471	0.1	64	9	0.1
0.05882352941176471	0.1	128	9	0.7
0.05882352941176471	0.1	256	9	0.8
0.05882352941176471	0.1	512	9	1.0
0.05882352941176471	0.1	384	9	1.0
0.05882352941176471	0.1	320	9	1.0
0.05882352941176471	0.1	288	9	0.8
0.05882352941176471	0.1	304	9	1.0
0.05882352941176471	0.1	296	9	0.9
0.05882352941176471	0.1	292	9	0.8
0.05882352941176471	0.1	294	9	0.9
0.05882352941176471	0.1	293	9	0.9
0.047619047619047616	0.1	2	9	0.0
0.047619047619047616	0.1	4	9	0.0
0.047619047619047616	0.1	8	9	0.0
0.047619047619047616	0.1	16	9	0.0
0.047619047619047616	0.1	32	9	0.0
0.047619047619047616	0.1	64	9	0.0
0.047619047619047616	0.1	128	9	0.7
0.047619047619047616	0.1	256	9	0.8
0.047619047619047616	0.1	512	9	1.0
0.047619047619047616	0.1	384	9	0.9
0.047619047619047616	0.1	320	9	0.8
0.047619047619047616	0.1	352	9	1.0
0.047619047619047616	0.1	336	9	1.0
0.047619047619047616	0.1	328	9	1.0
0.047619047619047616	0.1	324	9	0.9
0.047619047619047616	0.1	322	9	0.8
0.047619047619047616	0.1	323	9	0.8
0.04	0.1	2	9	0.0
0.04	0.1	4	9	0.0
0.04	0.1	8	9	0.0
0.04	0.1	16	9	0.0
0.04	0.1	32	9	0.0
0.04	0.1	64	9	0.3
0.04	0.1	128	9	0.4
0.04	0.1	256	9	0.9
0.04	0.1	192	9	0.8
0.04	0.1	224	9	0.9
0.04	0.1	208	9	0.9
0.04	0.1	200	9	0.9
0.04	0.1	196	9	0.7
0.04	0.1	198	9	0.7
0.04	0.1	199	9	0.8
0.03448275862068965	0.1	2	9	0.0
0.03448275862068965	0.1	4	9	0.0
0.03448275862068965	0.1	8	9	0.0
0.03448275862068965	0.1	16	9	0.0
0.03448275862068965	0.1	32	9	0.0
0.03448275862068965	0.1	64	9	0.1
0.03448275862068965	0.1	128	9	0.9
0.03448275862068965	0.1	96	9	0.2
0.03448275862068965	0.1	112	9	0.3
0.03448275862068965	0.1	120	9	0.2
0.03448275862068965	0.1	124	9	0.7
0.03448275862068965	0.1	126	9	0.1
0.03448275862068965	0.1	127	9	0.5
0.030303030303030307	0.1	2	9	0.0
0.030303030303030307	0.1	4	9	0.0
0.030303030303030307	0.1	8	9	0.0
0.030303030303030307	0.1	16	9	0.0
0.030303030303030307	0.1	32	9	0.0
0.030303030303030307	0.1	64	9	0.1
0.030303030303030307	0.1	128	9	0.4
0.030303030303030307	0.1	256	9	0.8
0.030303030303030307	0.1	512	9	1.0
0.030303030303030307	0.1	384	9	1.0
0.030303030303030307	0.1	320	9	1.0
0.030303030303030307	0.1	288	9	1.0
0.030303030303030307	0.1	272	9	0.9
0.030303030303030307	0.1	264	9	1.0
0.030303030303030307	0.1	260	9	1.0
0.030303030303030307	0.1	258	9	0.9
0.030303030303030307	0.1	257	9	0.7
0.006666666666666667	0.1	2	9	0.0
0.006666666666666667	0.1	4	9	0.0
0.006666666666666667	0.1	8	9	0.0
0.006666666666666667	0.1	16	9	0.0
0.006666666666666667	0.1	32	9	0.0
0.006666666666666667	0.1	64	9	0.1
0.006666666666666667	0.1	128	9	0.4
0.006666666666666667	0.1	256	9	0.9
0.006666666666666667	0.1	192	9	0.9
0.006666666666666667	0.1	160	9	0.5
0.006666666666666667	0.1	176	9	0.9
0.006666666666666667	0.1	168	9	0.7
0.006666666666666667	0.1	172	9	0.8
0.006666666666666667	0.1	174	9	0.7
0.006666666666666667	0.1	175	9	0.8
0.0033333333333333327	0.1	2	9	0.0
0.0033333333333333327	0.1	4	9	0.0
0.0033333333333333327	0.1	8	9	0.0
0.0033333333333333327	0.1	16	9	0.0
0.0033333333333333327	0.1	32	9	0.0
0.0033333333333333327	0.1	64	9	0.2
0.0033333333333333327	0.1	128	9	0.5
0.0033333333333333327	0.1	256	9	0.8
0.0033333333333333327	0.1	512	9	1.0
0.0033333333333333327	0.1	384	9	1.0
0.0033333333333333327	0.1	320	9	1.0
0.0033333333333333327	0.1	288	9	1.0
0.0033333333333333327	0.1	272	9	0.8
0.0033333333333333327	0.1	280	9	0.8
0.0033333333333333327	0.1	284	9	1.0
0.0033333333333333327	0.1	282	9	0.8
0.0033333333333333327	0.1	283	9	0.8
1.0	0.125	2	9	0.0
1.0	0.125	4	9	0.0
1.0	0.125	8	9	0.0
1.0	0.125	16	9	0.0
1.0	0.125	32	9	0.0
1.0	0.125	64	9	0.0
1.0	0.125	128	9	0.0
1.0	0.125	256	9	0.3
1.0	0.125	512	9	0.8
1.0	0.125	1024	9	1.0
1.0	0.125	768	9	0.8
1.0	0.125	896	9	1.0
1.0	0.125	832	9	0.9
1.0	0.125	800	9	0.8
1.0	0.125	816	9	0.9
1.0	0.125	808	9	1.0
1.0	0.125	804	9	1.0
1.0	0.125	802	9	0.9
1.0	0.125	801	9	1.0
0.5	0.125	2	9	0.0
0.5	0.125	4	9	0.0
0.5	0.125	8	9	0.0
0.5	0.125	16	9	0.0
0.5	0.125	32	9	0.0
0.5	0.125	64	9	0.0
0.5	0.125	128	9	0.5
0.5	0.125	256	9	0.5
0.5	0.125	512	9	1.0
0.5	0.125	384	9	0.8
0.5	0.125	448	9	1.0
0.5	0.125	416	9	0.9
0.5	0.125	400	9	0.8
0.5	0.125	408	9	0.9
0.5	0.125	404	9	0.9
0.5	0.125	402	9	0.8
0.5	0.125	403	9	1.0
0.2	0.125	2	9	0.0
0.2	0.125	4	9	0.0
0.2	0.125	8	9	0.0
0.2	0.125	16	9	0.0
0.2	0.125	32	9	0.0
0.2	0.125	64	9	0.0
0.2	0.125	128	9	0.7
0.2	0.125	256	9	0.8
0.2	0.125	512	9	1.0
0.2	0.125	384	9	1.0
0.2	0.125	320	9	0.9
0.2	0.125	288	9	0.9
0.2	0.125	272	9	0.8
0.2	0.125	280	9	0.7
0.2	0.125	284	9	1.0
0.2	0.125	282	9	1.0
0.2	0.125	281	9	1.0
0.1111111111111111	0.125	2	9	0.0
0.1111111111111111	0.125	4	9	0.0
0.1111111111111111	0.125	8	9	0.0
0.1111111111111111	0.125	16	9	0.0
0.1111111111111111	0.125	32	9	0.0
0.1111111111111111	0.125	64	9	0.1
0.1111111111111111	0.125	128	9	0.7
0.1111111111111111	0.125	256	9	0.8
0.1111111111111111	0.125	512	9	1.0
0.1111111111111111	0.125	384	9	1.0
0.1111111111111111	0.125	320	9	1.0
0.1111111111111111	0.125	288	9	0.9
0.1111111111111111	0.125	272	9	1.0
0.1111111111111111	0.125	264	9	0.9
0.1111111111111111	0.125	260	9	1.0
0.1111111111111111	0.125	258	9	1.0
0.1111111111111111	0.125	257	9	0.8
0.07692307692307693	0.125	2	9	0.0
0.07692307692307693	0.125	4	9	0.0
0.07692307692307693	0.125	8	9	0.0
0.07692307692307693	0.125	16	9	0.0
0.07692307692307693	0.125	32	9	0.0
0.07692307692307693	0.125	64	9	0.0
0.07692307692307693	0.125	128	9	0.5
0.07692307692307693	0.125	256	9	1.0
0.07692307692307693	0.125	192	9	0.9
0.07692307692307693	0.125	160	9	0.9
0.07692307692307693	0.125	144	9	0.6
0.07692307692307693	0.125	152	9	1.0
0.07692307692307693	0.125	148	9	0.2
0.07692307692307693	0.125	150	9	0.6
0.07692307692307693	0.125	151	9	0.6
0.05882352941176471	0.125	2	9	0.0
0.05882352941176471	0.125	4	9	0.0
0.05882352941176471	0.125	8	9	0.0
0.05882352941176471	0.125	16	9	0.0
0.05882352941176471	0.125	32	9	0.0
0.05882352941176471	0.125	64	9	0.1
0.05882352941176471	0.125	128	9	0.6
0.05882352941176471	0.125	256	9	1.0
0.05882352941176471	0.125	192	9	0.9
0.05882352941176471	0.125	160	9	0.6
0.05882352941176471	0.125	176	9	0.7
0.05882352941176471	0.125	184	9	0.8
0.05882352941176471	0.125	188	9	0.7
0.05882352941176471	0.125	190	9	0.7
0.05882352941176471	0.125	191	9	0.9
0.047619047619047616	0.125	2	9	0.0
0.047619047619047616	0.125	4	9	0.0
0.047619047619047616	0.125	8	9	0.0
0.047619047619047616	0.125	16	9	0.0
0.047619047619047616	0.125	32	9	0.1
0.047619047619047616	0.125	64	9	0.2
0.047619047619047616	0.125	128	9	0.8
0.047619047619047616	0.125	256	9	0.9
0.047619047619047616	0.125	192	9	1.0
0.047619047619047616	0.125	160	9	0.8
0.047619047619047616	0.125	176	9	0.9
0.047619047619047616	0.125	168	9	0.6
0.047619047619047616	0.125	172	9	1.0
0.047619047619047616	0.125	170	9	0.6
0.047619047619047616	0.125	171	9	0.7
0.04	0.125	2	9	0.0
0.04	0.125	4	9	0.0
0.04	0.125	8	9	0.0
0.04	0.125	16	9	0.0
0.04	0.125	32	9	0.1
0.04	0.125	64	9	0.0
0.04	0.125	128	9	0.7
0.04	0.125	256	9	1.0
0.04	0.125	192	9	0.7
0.04	0.125	224	9	0.8
0.04	0.125	240	9	0.9
0.04	0.125	232	9	1.0
0.04	0.125	228	9	0.8
0.04	0.125	230	9	1.0
0.04	0.125	229	9	0.9
0.03448275862068965	0.125	2	9	0.0
0.03448275862068965	0.125	4	9	0.0
0.03448275862068965	0.125	8	9	0.0
0.03448275862068965	0.125	16	9	0.0
0.03448275862068965	0.125	32	9	0.0
0.03448275862068965	0.125	64	9	0.1
0.03448275862068965	0.125	128	9	0.7
0.03448275862068965	0.125	256	9	0.9
0.03448275862068965	0.125	192	9	0.7
0.03448275862068965	0.125	224	9	1.0
0.03448275862068965	0.125	208	9	0.7
0.03448275862068965	0.125	216	9	0.9
0.03448275862068965	0.125	212	9	0.9
0.03448275862068965	0.125	210	9	0.9
0.03448275862068965	0.125	209	9	1.0
0.030303030303030307	0.125	2	9	0.0
0.030303030303030307	0.125	4	9	0.0
0.030303030303030307	0.125	8	9	0.0
0.030303030303030307	0.125	16	9	0.0
0.030303030303030307	0.125	32	9	0.0
0.030303030303030307	0.125	64	9	0.1
0.030303030303030307	0.125	128	9	0.9
0.030303030303030307	0.125	96	9	0.2
0.030303030303030307	0.125	112	9	0.5
0.030303030303030307	0.125	120	9	0.7
0.030303030303030307	0.125	124	9	0.7
0.030303030303030307	0.125	126	9	0.8
0.030303030303030307	0.125	127	9	0.7
0.006666666666666667	0.125	2	9	0.0
0.006666666666666667	0.125	4	9	0.0
0.006666666666666667	0.125	8	9	0.0
0.006666666666666667	0.125	16	9	0.0
0.006666666666666667	0.125	32	9	0.2
0.006666666666666667	0.125	64	9	0.2
0.006666666666666667	0.125	128	9	0.6
0.006666666666666667	0.125	256	9	1.0
0.006666666666666667	0.125	192	9	0.7
0.006666666666666667	0.125	224	9	1.0
0.006666666666666667	0.125	208	9	0.9
0.006666666666666667	0.125	200	9	0.7
0.006666666666666667	0.125	204	9	1.0
0.006666666666666667	0.125	202	9	0.9
0.006666666666666667	0.125	201	9	0.8
0.0033333333333333327	0.125	2	9	0.0
0.0033333333333333327	0.125	4	9	0.0
0.0033333333333333327	0.125	8	9	0.0
0.0033333333333333327	0.125	16	9	0.0
0.0033333333333333327	0.125	32	9	0.0
0.0033333333333333327	0.125	64	9	0.2
0.0033333333333333327	0.125	128	9	0.8
0.0033333333333333327	0.125	256	9	0.9
0.0033333333333333327	0.125	192	9	1.0
0.0033333333333333327	0.125	160	9	0.8
0.0033333333333333327	0.125	176	9	0.8
0.0033333333333333327	0.125	184	9	0.7
0.0033333333333333327	0.125	188	9	0.9
0.0033333333333333327	0.125	186	9	0.9
0.0033333333333333327	0.125	185	9	0.7
1.0	0.16666666666666666	2	9	0.0
1.0	0.16666666666666666	4	9	0.0
1.0	0.16666666666666666	8	9	0.0
1.0	0.16666666666666666	16	9	0.0
1.0	0.16666666666666666	32	9	0.0
1.0	0.16666666666666666	64	9	0.0
1.0	0.16666666666666666	128	9	0.0
1.0	0.16666666666666666	256	9	0.4
1.0	0.16666666666666666	512	9	0.8
1.0	0.16666666666666666	1024	9	1.0
1.0	0.16666666666666666	768	9	1.0
1.0	0.16666666666666666	640	9	0.7
1.0	0.16666666666666666	704	9	1.0
1.0	0.16666666666666666	672	9	1.0
1.0	0.16666666666666666	656	9	1.0
1.0	0.16666666666666666	648	9	1.0
1.0	0.16666666666666666	644	9	1.0
1.0	0.16666666666666666	642	9	1.0
1.0	0.16666666666666666	641	9	1.0
0.5	0.16666666666666666	2	9	0.0
0.5	0.16666666666666666	4	9	0.0
0.5	0.16666666666666666	8	9	0.0
0.5	0.16666666666666666	16	9	0.0
0.5	0.16666666666666666	32	9	0.0
0.5	0.16666666666666666	64	9	0.1
0.5	0.16666666666666666	128	9	0.1
0.5	0.16666666666666666	256	9	0.9
0.5	0.16666666666666666	192	9	0.6
0.5	0.16666666666666666	224	9	0.7
0.5	0.16666666666666666	240	9	1.0
0.5	0.16666666666666666	232	9	0.5
0.5	0.16666666666666666	236	9	0.9
0.5	0.16666666666666666	234	9	0.8
0.5	0.16666666666666666	235	9	0.8
0.2	0.16666666666666666	2	9	0.0
0.2	0.16666666666666666	4	9	0.0
0.2	0.16666666666666666	8	9	0.0
0.2	0.16666666666666666	16	9	0.0
0.2	0.16666666666666666	32	9	0.0
0.2	0.16666666666666666	64	9	0.2
0.2	0.16666666666666666	128	9	0.9
0.2	0.16666666666666666	96	9	0.4
0.2	0.16666666666666666	112	9	0.6
0.2	0.16666666666666666	120	9	0.8
0.2	0.16666666666666666	124	9	0.5
0.2	0.16666666666666666	126	9	0.7
0.2	0.16666666666666666	127	9	0.3
0.1111111111111111	0.16666666666666666	2	9	0.0
0.1111111111111111	0.16666666666666666	4	9	0.0
0.1111111111111111	0.16666666666666666	8	9	0.0
0.1111111111111111	0.16666666666666666	16	9	0.0
0.1111111111111111	0.16666666666666666	32	9	0.0
0.1111111111111111	0.16666666666666666	64	9	0.1
0.1111111111111111	0.16666666666666666	128	9	0.7
0.1111111111111111	0.16666666666666666	256	9	1.0
0.1111111111111111	0.16666666666666666	192	9	1.0
0.1111111111111111	0.16666666666666666	160	9	1.0
0.1111111111111111	0.16666666666666666	144	9	0.9
0.1111111111111111	0.16666666666666666	136	9	0.7
0.1111111111111111	0.16666666666666666	140	9	0.8
0.1111111111111111	0.16666666666666666	142	9	0.7
0.1111111111111111	0.16666666666666666	143	9	0.9
0.07692307692307693	0.16666666666666666	2	9	0.0
0.07692307692307693	0.16666666666666666	4	9	0.0
0.07692307692307693	0.16666666666666666	8	9	0.0
0.07692307692307693	0.16666666666666666	16	9	0.0
0.07692307692307693	0.16666666666666666	32	9	0.0
0.07692307692307693	0.16666666666666666	64	9	0.3
0.07692307692307693	0.16666666666666666	128	9	1.0
0.07692307692307693	0.16666666666666666	96	9	0.6
0.07692307692307693	0.16666666666666666	112	9	0.6
0.07692307692307693	0.16666666666666666	120	9	0.4
0.07692307692307693	0.16666666666666666	124	9	0.8
0.07692307692307693	0.16666666666666666	126	9	0.7
0.07692307692307693	0.16666666666666666	127	9	0.8
0.05882352941176471	0.16666666666666666	2	9	0.0
0.05882352941176471	0.16666666666666666	4	9	0.0
0.05882352941176471	0.16666666666666666	8	9	0.0
0.05882352941176471	0.16666666666666666	16	9	0.0
0.05882352941176471	0.16666666666666666	32	9	0.0
0.05882352941176471	0.16666666666666666	64	9	0.4
0.05882352941176471	0.16666666666666666	128	9	0.9
0.05882352941176471	0.16666666666666666	96	9	0.4
0.05882352941176471	0.16666666666666666	112	9	0.7
0.05882352941176471	0.16666666666666666	120	9	0.6
0.05882352941176471	0.16666666666666666	124	9	0.8
0.05882352941176471	0.16666666666666666	126	9	0.7
0.05882352941176471	0.16666666666666666	127	9	0.9
0.047619047619047616	0.16666666666666666	2	9	0.0
0.047619047619047616	0.16666666666666666	4	9	0.0
0.047619047619047616	0.16666666666666666	8	9	0.0
0.047619047619047616	0.16666666666666666	16	9	0.0
0.047619047619047616	0.16666666666666666	32	9	0.0
0.047619047619047616	0.16666666666666666	64	9	0.3
0.047619047619047616	0.16666666666666666	128	9	0.9
0.047619047619047616	0.16666666666666666	96	9	0.6
0.047619047619047616	0.16666666666666666	112	9	0.9
0.047619047619047616	0.16666666666666666	104	9	0.8
0.047619047619047616	0.16666666666666666	108	9	0.8
0.047619047619047616	0.16666666666666666	110	9	0.7
0.047619047619047616	0.16666666666666666	111	9	0.7
0.04	0.16666666666666666	2	9	0.0
0.04	0.16666666666666666	4	9	0.0
0.04	0.16666666666666666	8	9	0.0
0.04	0.16666666666666666	16	9	0.0
0.04	0.16666666666666666	32	9	0.0
0.04	0.16666666666666666	64	9	0.2
0.04	0.16666666666666666	128	9	0.8
0.04	0.16666666666666666	256	9	1.0
0.04	0.16666666666666666	192	9	0.9
0.04	0.16666666666666666	160	9	0.9
0.04	0.16666666666666666	144	9	0.8
0.04	0.16666666666666666	152	9	0.9
0.04	0.16666666666666666	148	9	1.0
0.04	0.16666666666666666	146	9	0.9
0.04	0.16666666666666666	145	9	0.9
0.03448275862068965	0.16666666666666666	2	9	0.0
0.03448275862068965	0.16666666666666666	4	9	0.0
0.03448275862068965	0.16666666666666666	8	9	0.0
0.03448275862068965	0.16666666666666666	16	9	0.0
0.03448275862068965	0.16666666666666666	32	9	0.0
0.03448275862068965	0.16666666666666666	64	9	0.3
0.03448275862068965	0.16666666666666666	128	9	0.9
0.03448275862068965	0.16666666666666666	96	9	0.6
0.03448275862068965	0.16666666666666666	112	9	0.9
0.03448275862068965	0.16666666666666666	104	9	0.7
0.03448275862068965	0.16666666666666666	108	9	0.8
0.03448275862068965	0.16666666666666666	110	9	0.6
0.03448275862068965	0.16666666666666666	111	9	0.8
0.030303030303030307	0.16666666666666666	2	9	0.0
0.030303030303030307	0.16666666666666666	4	9	0.0
0.030303030303030307	0.16666666666666666	8	9	0.0
0.030303030303030307	0.16666666666666666	16	9	0.0
0.030303030303030307	0.16666666666666666	32	9	0.0
0.030303030303030307	0.16666666666666666	64	9	0.5
0.030303030303030307	0.16666666666666666	128	9	1.0
0.030303030303030307	0.16666666666666666	96	9	0.6
0.030303030303030307	0.16666666666666666	112	9	0.9
0.030303030303030307	0.16666666666666666	104	9	0.7
0.030303030303030307	0.16666666666666666	108	9	0.6
0.030303030303030307	0.16666666666666666	110	9	0.6
0.030303030303030307	0.16666666666666666	111	9	0.8
0.006666666666666667	0.16666666666666666	2	9	0.0
0.006666666666666667	0.16666666666666666	4	9	0.0
0.006666666666666667	0.16666666666666666	8	9	0.0
0.006666666666666667	0.16666666666666666	16	9	0.0
0.006666666666666667	0.16666666666666666	32	9	0.0
0.006666666666666667	0.16666666666666666	64	9	0.3
0.006666666666666667	0.16666666666666666	128	9	0.9
0.006666666666666667	0.16666666666666666	96	9	0.3
0.006666666666666667	0.16666666666666666	112	9	0.8
0.006666666666666667	0.16666666666666666	120	9	0.8
0.006666666666666667	0.16666666666666666	124	9	0.8
0.006666666666666667	0.16666666666666666	126	9	0.8
0.006666666666666667	0.16666666666666666	127	9	0.8
0.0033333333333333327	0.16666666666666666	2	9	0.0
0.0033333333333333327	0.16666666666666666	4	9	0.0
0.0033333333333333327	0.16666666666666666	8	9	0.0
0.0033333333333333327	0.16666666666666666	16	9	0.0
0.0033333333333333327	0.16666666666666666	32	9	0.0
0.0033333333333333327	0.16666666666666666	64	9	0.3
0.0033333333333333327	0.16666666666666666	128	9	1.0
0.0033333333333333327	0.16666666666666666	96	9	0.7
0.0033333333333333327	0.16666666666666666	112	9	0.8
0.0033333333333333327	0.16666666666666666	120	9	1.0
0.0033333333333333327	0.16666666666666666	116	9	0.8
0.0033333333333333327	0.16666666666666666	118	9	0.9
0.0033333333333333327	0.16666666666666666	117	9	0.9
1.0	0.25	2	9	0.0
1.0	0.25	4	9	0.0
1.0	0.25	8	9	0.0
1.0	0.25	16	9	0.0
1.0	0.25	32	9	0.0
1.0	0.25	64	9	0.0
1.0	0.25	128	9	0.1
1.0	0.25	256	9	0.3
1.0	0.25	512	9	0.9
1.0	0.25	384	9	0.8
1.0	0.25	448	9	0.8
1.0	0.25	480	9	0.9
1.0	0.25	464	9	0.6
1.0	0.25	472	9	0.7
1.0	0.25	476	9	1.0
1.0	0.25	474	9	0.7
1.0	0.25	475	9	0.6
0.5	0.25	2	9	0.0
0.5	0.25	4	9	0.0
0.5	0.25	8	9	0.0
0.5	0.25	16	9	0.0
0.5	0.25	32	9	0.0
0.5	0.25	64	9	0.0
0.5	0.25	128	9	0.6
0.5	0.25	256	9	1.0
0.5	0.25	192	9	0.8
0.5	0.25	224	9	0.7
0.5	0.25	240	9	0.6
0.5	0.25	248	9	0.9
0.5	0.25	244	9	0.8
0.5	0.25	246	9	0.9
0.5	0.25	245	9	0.9
0.2	0.25	2	9	0.0
0.2	0.25	4	9	0.0
0.2	0.25	8	9	0.0
0.2	0.25	16	9	0.0
0.2	0.25	32	9	0.0
0.2	0.25	64	9	0.2
0.2	0.25	128	9	0.9
0.2	0.25	96	9	0.4
0.2	0.25	112	9	0.8
0.2	0.25	120	9	0.7
0.2	0.25	124	9	0.8
0.2	0.25	126	9	0.5
0.2	0.25	127	9	0.8
0.1111111111111111	0.25	2	9	0.0
0.1111111111111111	0.25	4	9	0.0
0.1111111111111111	0.25	8	9	0.0
0.1111111111111111	0.25	16	9	0.0
0.1111111111111111	0.25	32	9	0.1
0.1111111111111111	0.25	64	9	0.5
0.1111111111111111	0.25	128	9	0.8
0.1111111111111111	0.25	256	9	1.0
0.1111111111111111	0.25	192	9	1.0
0.1111111111111111	0.25	160	9	1.0
0.1111111111111111	0.25	144	9	1.0
0.1111111111111111	0.25	136	9	0.9
0.1111111111111111	0.25	132	9	0.8
0.1111111111111111	0.25	134	9	1.0
0.1111111111111111	0.25	133	9	0.8
0.07692307692307693	0.25	2	9	0.0
0.07692307692307693	0.25	4	9	0.0
0.07692307692307693	0.25	8	9	0.0
0.07692307692307693	0.25	16	9	0.0
0.07692307692307693	0.25	32	9	0.0
0.07692307692307693	0.25	64	9	0.7
0.07692307692307693	0.25	128	9	0.9
0.07692307692307693	0.25	96	9	0.6
0.07692307692307693	0.25	112	9	0.9
0.07692307692307693	0.25	104	9	0.9
0.07692307692307693	0.25	100	9	0.7
0.07692307692307693	0.25	102	9	1.0
0.07692307692307693	0.25	101	9	1.0
0.05882352941176471	0.25	2	9	0.0
0.05882352941176471	0.25	4	9	0.0
0.05882352941176471	0.25	8	9	0.0
0.05882352941176471	0.25	16	9	0.0
0.05882352941176471	0.25	32	9	0.2
0.05882352941176471	0.25	64	9	0.5
0.05882352941176471	0.25	128	9	1.0
0.05882352941176471	0.25	96	9	1.0
0.05882352941176471	0.25	80	9	0.8
0.05882352941176471	0.25	88	9	1.0
0.05882352941176471	0.25	84	9	0.8
0.05882352941176471	0.25	86	9	0.6
0.05882352941176471	0.25	87	9	0.6
0.047619047619047616	0.25	2	9	0.0
0.047619047619047616	0.25	4	9	0.0
0.047619047619047616	0.25	8	9	0.0
0.047619047619047616	0.25	16	9	0.0
0.047619047619047616	0.25	32	9	0.2
0.047619047619047616	0.25	64	9	0.9
0.047619047619047616	0.25	48	9	0.4
0.047619047619047616	0.25	56	9	0.5
0.047619047619047616	0.25	60	9	0.5
0.047619047619047616	0.25	62	9	0.3
0.047619047619047616	0.25	63	9	0.6
0.04	0.25	2	9	0.0
0.04	0.25	4	9	0.0
0.04	0.25	8	9	0.0
0.04	0.25	16	9	0.0
0.04	0.25	32	9	0.1
0.04	0.25	64	9	0.7
0.04	0.25	128	9	1.0
0.04	0.25	96	9	0.9
0.04	0.25	80	9	0.8
0.04	0.25	88	9	0.9
0.04	0.25	84	9	1.0
0.04	0.25	82	9	0.6
0.04	0.25	83	9	0.7
0.03448275862068965	0.25	2	9	0.0
0.03448275862068965	0.25	4	9	0.0
0.03448275862068965	0.25	8	9	0.0
0.03448275862068965	0.25	16	9	0.1
0.03448275862068965	0.25	32	9	0.3
0.03448275862068965	0.25	64	9	0.6
0.03448275862068965	0.25	128	9	1.0
0.03448275862068965	0.25	96	9	0.7
0.03448275862068965	0.25	112	9	1.0
0.03448275862068965	0.25	104	9	1.0
0.03448275862068965	0.25	100	9	1.0
0.03448275862068965	0.25	98	9	0.9
0.03448275862068965	0.25	97	9	0.9
0.030303030303030307	0.25	2	9	0.0
0.030303030303030307	0.25	4	9	0.0
0.030303030303030307	0.25	8	9	0.0
0.030303030303030307	0.25	16	9	0.0
0.030303030303030307	0.25	32	9	0.3
0.030303030303030307	0.25	64	9	0.7
0.030303030303030307	0.25	128	9	0.9
0.030303030303030307	0.25	96	9	0.9
0.030303030303030307	0.25	80	9	0.8
0.030303030303030307	0.25	88	9	0.8
0.030303030303030307	0.25	92	9	0.9
0.030303030303030307	0.25	90	9	0.8
0.030303030303030307	0.25	91	9	0.8
0.006666666666666667	0.25	2	9	0.0
0.006666666666666667	0.25	4	9	0.0
0.006666666666666667	0.25	8	9	0.0
0.006666666666666667	0.25	16	9	0.1
0.006666666666666667	0.25	32	9	0.3
0.006666666666666667	0.25	64	9	0.5
0.006666666666666667	0.25	128	9	1.0
0.006666666666666667	0.25	96	9	0.9
0.006666666666666667	0.25	80	9	0.8
0.006666666666666667	0.25	88	9	0.8
0.006666666666666667	0.25	92	9	0.8
0.006666666666666667	0.25	94	9	0.9
0.006666666666666667	0.25	93	9	0.9
0.0033333333333333327	0.25	2	9	0.0
0.0033333333333333327	0.25	4	9	0.0
0.0033333333333333327	0.25	8	9	0.0
0.0033333333333333327	0.25	16	9	0.0
0.0033333333333333327	0.25	32	9	0.3
0.0033333333333333327	0.25	64	9	0.5
0.0033333333333333327	0.25	128	9	0.8
0.0033333333333333327	0.25	256	9	1.0
0.0033333333333333327	0.25	192	9	0.9
0.0033333333333333327	0.25	160	9	1.0
0.0033333333333333327	0.25	144	9	1.0
0.0033333333333333327	0.25	136	9	0.9
0.0033333333333333327	0.25	132	9	1.0
0.0033333333333333327	0.25	130	9	0.8
0.0033333333333333327	0.25	131	9	0.9
1.0	0.5	2	9	0.0
1.0	0.5	4	9	0.0
1.0	0.5	8	9	0.0
1.0	0.5	16	9	0.0
1.0	0.5	32	9	0.0
1.0	0.5	64	9	0.0
1.0	0.5	128	9	0.0
1.0	0.5	256	9	0.5
1.0	0.5	512	9	0.9
1.0	0.5	384	9	0.5
1.0	0.5	448	9	0.5
1.0	0.5	480	9	1.0
1.0	0.5	464	9	0.8
1.0	0.5	472	9	0.7
1.0	0.5	476	9	0.8
1.0	0.5	478	9	0.8
1.0	0.5	479	9	0.6
0.5	0.5	2	9	0.0
0.5	0.5	4	9	0.0
0.5	0.5	8	9	0.0
0.5	0.5	16	9	0.0
0.5	0.5	32	9	0.0
0.5	0.5	64	9	0.1
0.5	0.5	128	9	0.8
0.5	0.5	256	9	1.0
0.5	0.5	192	9	0.8
0.5	0.5	224	9	0.7
0.5	0.5	240	9	1.0
0.5	0.5	232	9	0.8
0.5	0.5	236	9	0.8
0.5	0.5	238	9	1.0
0.5	0.5	237	9	1.0
0.2	0.5	2	9	0.0
0.2	0.5	4	9	0.0
0.2	0.5	8	9	0.0
0.2	0.5	16	9	0.0
0.2	0.5	32	9	0.2
0.2	0.5	64	9	0.6
0.2	0.5	128	9	1.0
0.2	0.5	96	9	0.6
0.2	0.5	112	9	0.9
0.2	0.5	104	9	0.9
0.2	0.5	100	9	1.0
0.2	0.5	98	9	0.8
0.2	0.5	99	9	0.7
0.1111111111111111	0.5	2	9	0.0
0.1111111111111111	0.5	4	9	0.0
0.1111111111111111	0.5	8	9	0.0
0.1111111111111111	0.5	16	9	0.0
0.1111111111111111	0.5	32	9	0.2
0.1111111111111111	0.5	64	9	0.7
0.1111111111111111	0.5	128	9	1.0
0.1111111111111111	0.5	96	9	0.8
0.1111111111111111	0.5	112	9	0.9
0.1111111111111111	0.5	104	9	1.0
0.1111111111111111	0.5	100	9	0.9
0.1111111111111111	0.5	98	9	0.9
0.1111111111111111	0.5	97	9	1.0
0.07692307692307693	0.5	2	9	0.0
0.07692307692307693	0.5	4	9	0.0
0.07692307692307693	0.5	8	9	0.1
0.07692307692307693	0.5	16	9	0.0
0.07692307692307693	0.5	32	9	0.1
0.07692307692307693	0.5	64	9	0.8
0.07692307692307693	0.5	128	9	0.9
0.07692307692307693	0.5	96	9	0.8
0.07692307692307693	0.5	112	9	1.0
0.07692307692307693	0.5	104	9	0.9
0.07692307692307693	0.5	100	9	1.0
0.07692307692307693	0.5	98	9	1.0
0.07692307692307693	0.5	97	9	0.9
0.05882352941176471	0.5	2	9	0.0
0.05882352941176471	0.5	4	9	0.0
0.05882352941176471	0.5	8	9	0.0
0.05882352941176471	0.5	16	9	0.0
0.05882352941176471	0.5	32	9	0.8
0.05882352941176471	0.5	64	9	0.9
0.05882352941176471	0.5	48	9	0.8
0.05882352941176471	0.5	56	9	0.8
0.05882352941176471	0.5	60	9	0.8
0.05882352941176471	0.5	62	9	1.0
0.05882352941176471	0.5	61	9	0.9
0.047619047619047616	0.5	2	9	0.0
0.047619047619047616	0.5	4	9	0.0
0.047619047619047616	0.5	8	9	0.0
0.047619047619047616	0.5	16	9	0.1
0.047619047619047616	0.5	32	9	0.6
0.047619047619047616	0.5	64	9	0.9
0.047619047619047616	0.5	48	9	1.0
0.047619047619047616	0.5	40	9	0.4
0.047619047619047616	0.5	44	9	0.7
0.047619047619047616	0.5	46	9	0.6
0.047619047619047616	0.5	47	9	0.8
0.04	0.5	2	9	0.0
0.04	0.5	4	9	0.0
0.04	0.5	8	9	0.0
0.04	0.5	16	9	0.1
0.04	0.5	32	9	0.2
0.04	0.5	64	9	1.0
0.04	0.5	48	9	1.0
0.04	0.5	40	9	0.6
0.04	0.5	44	9	0.6
0.04	0.5	46	9	0.8
0.04	0.5	47	9	0.6
0.03448275862068965	0.5	2	9	0.0
0.03448275862068965	0.5	4	9	0.0
0.03448275862068965	0.5	8	9	0.0
0.03448275862068965	0.5	16	9	0.0
0.03448275862068965	0.5	32	9	0.5
0.03448275862068965	0.5	64	9	0.9
0.03448275862068965	0.5	48	9	0.7
0.03448275862068965	0.5	56	9	0.9
0.03448275862068965	0.5	52	9	0.7
0.03448275862068965	0.5	54	9	0.7
0.03448275862068965	0.5	55	9	0.8
0.030303030303030307	0.5	2	9	0.0
0.030303030303030307	0.5	4	9	0.0
0.030303030303030307	0.5	8	9	0.0
0.030303030303030307	0.5	16	9	0.1
0.030303030303030307	0.5	32	9	0.4
0.030303030303030307	0.5	64	9	0.9
0.030303030303030307	0.5	48	9	0.8
0.030303030303030307	0.5	56	9	1.0
0.030303030303030307	0.5	52	9	0.9
0.030303030303030307	0.5	50	9	0.9
0.030303030303030307	0.5	49	9	0.7
0.006666666666666667	0.5	2	9	0.0
0.006666666666666667	0.5	4	9	0.0
0.006666666666666667	0.5	8	9	0.0
0.006666666666666667	0.5	16	9	0.3
0.006666666666666667	0.5	32	9	0.7
0.006666666666666667	0.5	64	9	1.0
0.006666666666666667	0.5	48	9	0.7
0.006666666666666667	0.5	56	9	1.0
0.006666666666666667	0.5	52	9	1.0
0.006666666666666667	0.5	50	9	1.0
0.006666666666666667	0.5	49	9	0.9
0.0033333333333333327	0.5	2	9	0.0
0.0033333333333333327	0.5	4	9	0.0
0.0033333333333333327	0.5	8	9	0.0
0.0033333333333333327	0.5	16	9	0.0
0.0033333333333333327	0.5	32	9	0.7
0.0033333333333333327	0.5	64	9	1.0
0.0033333333333333327	0.5	48	9	0.9
0.0033333333333333327	0.5	40	9	1.0
0.0033333333333333327	0.5	36	9	0.8
0.0033333333333333327	0.5	38	9	0.6
0.0033333333333333327	0.5	39	9	0.8
1.0	1.0	2	9	0.0
1.0	1.0	4	9	0.0
1.0	1.0	8	9	0.0
1.0	1.0	16	9	0.0
1.0	1.0	32	9	0.0
1.0	1.0	64	9	0.0
1.0	1.0	128	9	0.0
1.0	1.0	256	9	0.0
1.0	1.0	512	9	0.4
1.0	1.0	1024	9	0.5
1.0	1.0	2048	9	1.0
1.0	1.0	1536	9	0.6
1.0	1.0	1792	9	1.0
1.0	1.0	1664	9	0.8
1.0	1.0	1728	9	0.9
1.0	1.0	1696	9	1.0
1.0	1.0	1680	9	0.9
1.0	1.0	1672	9	0.9
1.0	1.0	1668	9	0.8
1.0	1.0	1670	9	0.9
1.0	1.0	1669	9	0.8
0.5	1.0	2	9	0.0
0.5	1.0	4	9	0.0
0.5	1.0	8	9	0.0
0.5	1.0	16	9	0.0
0.5	1.0	32	9	0.0
0.5	1.0	64	9	0.2
0.5	1.0	128	9	0.6
0.5	1.0	256	9	1.0
0.5	1.0	192	9	0.9
0.5	1.0	160	9	0.9
0.5	1.0	144	9	0.9
0.5	1.0	136	9	0.9
0.5	1.0	132	9	0.9
0.5	1.0	130	9	0.7
0.5	1.0	131	9	0.8
0.2	1.0	2	9	0.0
0.2	1.0	4	9	0.0
0.2	1.0	8	9	0.0
0.2	1.0	16	9	0.1
0.2	1.0	32	9	0.5
0.2	1.0	64	9	0.9
0.2	1.0	48	9	0.5
0.2	1.0	56	9	0.7
0.2	1.0	60	9	0.9
0.2	1.0	58	9	0.7
0.2	1.0	59	9	0.8
0.1111111111111111	1.0	2	9	0.0
0.1111111111111111	1.0	4	9	0.0
0.1111111111111111	1.0	8	9	0.0
0.1111111111111111	1.0	16	9	0.1
0.1111111111111111	1.0	32	9	0.8
0.1111111111111111	1.0	64	9	0.9
0.1111111111111111	1.0	48	9	0.9
0.1111111111111111	1.0	40	9	0.7
0.1111111111111111	1.0	44	9	0.8
0.1111111111111111	1.0	46	9	0.9
0.1111111111111111	1.0	45	9	0.8
0.07692307692307693	1.0	2	9	0.0
0.07692307692307693	1.0	4	9	0.0
0.07692307692307693	1.0	8	9	0.0
0.07692307692307693	1.0	16	9	0.0
0.07692307692307693	1.0	32	9	1.0
0.07692307692307693	1.0	24	9	0.6
0.07692307692307693	1.0	28	9	0.7
0.07692307692307693	1.0	30	9	0.8
0.07692307692307693	1.0	31	9	0.9
0.05882352941176471	1.0	2	9	0.0
0.05882352941176471	1.0	4	9	0.0
0.05882352941176471	1.0	8	9	0.2
0.05882352941176471	1.0	16	9	0.2
0.05882352941176471	1.0	32	9	0.8
0.05882352941176471	1.0	64	9	1.0
0.05882352941176471	1.0	48	9	1.0
0.05882352941176471	1.0	40	9	1.0
0.05882352941176471	1.0	36	9	0.9
0.05882352941176471	1.0	34	9	0.9
0.05882352941176471	1.0	33	9	0.9
0.047619047619047616	1.0	2	9	0.0
0.047619047619047616	1.0	4	9	0.0
0.047619047619047616	1.0	8	9	0.0
0.047619047619047616	1.0	16	9	0.1
0.047619047619047616	1.0	32	9	0.8
0.047619047619047616	1.0	64	9	1.0
0.047619047619047616	1.0	48	9	0.9
0.047619047619047616	1.0	40	9	1.0
0.047619047619047616	1.0	36	9	0.8
0.047619047619047616	1.0	38	9	1.0
0.047619047619047616	1.0	37	9	0.8
0.04	1.0	2	9	0.0
0.04	1.0	4	9	0.0
0.04	1.0	8	9	0.0
0.04	1.0	16	9	0.7
0.04	1.0	32	9	1.0
0.04	1.0	24	9	0.6
0.04	1.0	28	9	0.8
0.04	1.0	30	9	1.0
0.04	1.0	29	9	1.0
0.03448275862068965	1.0	2	9	0.0
0.03448275862068965	1.0	4	9	0.0
0.03448275862068965	1.0	8	9	0.0
0.03448275862068965	1.0	16	9	0.3
0.03448275862068965	1.0	32	9	0.7
0.03448275862068965	1.0	64	9	1.0
0.03448275862068965	1.0	48	9	0.9
0.03448275862068965	1.0	40	9	0.9
0.03448275862068965	1.0	36	9	0.9
0.03448275862068965	1.0	34	9	0.9
0.03448275862068965	1.0	33	9	0.8
0.030303030303030307	1.0	2	9	0.0
0.030303030303030307	1.0	4	9	0.1
0.030303030303030307	1.0	8	9	0.0
0.030303030303030307	1.0	16	9	0.6
0.030303030303030307	1.0	32	9	1.0
0.030303030303030307	1.0	24	9	0.8
0.030303030303030307	1.0	28	9	0.7
0.030303030303030307	1.0	30	9	0.9
0.030303030303030307	1.0	29	9	0.6
0.006666666666666667	1.0	2	9	0.0
0.006666666666666667	1.0	4	9	0.0
0.006666666666666667	1.0	8	9	0.2
0.006666666666666667	1.0	16	9	0.8
0.006666666666666667	1.0	32	9	1.0
0.006666666666666667	1.0	24	9	0.6
0.006666666666666667	1.0	28	9	0.8
0.006666666666666667	1.0	30	9	0.8
0.006666666666666667	1.0	31	9	0.8
0.0033333333333333327	1.0	2	9	0.0
0.0033333333333333327	1.0	4	9	0.0
0.0033333333333333327	1.0	8	9	0.1
0.0033333333333333327	1.0	16	9	0.6
0.0033333333333333327	1.0	32	9	1.0
0.0033333333333333327	1.0	24	9	0.5
0.0033333333333333327	1.0	28	9	1.0
0.0033333333333333327	1.0	26	9	0.8
0.0033333333333333327	1.0	27	9	0.9
1.0	2.0	2	9	0.0
1.0	2.0	4	9	0.0
1.0	2.0	8	9	0.0
1.0	2.0	16	9	0.0
1.0	2.0	32	9	0.0
1.0	2.0	64	9	0.0
1.0	2.0	128	9	0.0
1.0	2.0	256	9	0.0
1.0	2.0	512	9	0.0
1.0	2.0	1024	9	0.0
1.0	2.0	2048	9	0.1
1.0	2.0	4096	9	0.6
0.5	2.0	2	9	0.0
0.5	2.0	4	9	0.0
0.5	2.0	8	9	0.0
0.5	2.0	16	9	0.0
0.5	2.0	32	9	0.0
0.5	2.0	64	9	0.2
0.5	2.0	128	9	0.9
0.5	2.0	96	9	1.0
0.5	2.0	80	9	0.7
0.5	2.0	88	9	0.9
0.5	2.0	84	9	0.9
0.5	2.0	82	9	0.8
0.5	2.0	83	9	0.7
0.2	2.0	2	9	0.0
0.2	2.0	4	9	0.0
0.2	2.0	8	9	0.2
0.2	2.0	16	9	0.4
0.2	2.0	32	9	0.6
0.2	2.0	64	9	1.0
0.2	2.0	48	9	1.0
0.2	2.0	40	9	0.6
0.2	2.0	44	9	0.8
0.2	2.0	46	9	0.9
0.2	2.0	45	9	1.0
0.1111111111111111	2.0	2	9	0.0
0.1111111111111111	2.0	4	9	0.0
0.1111111111111111	2.0	8	9	0.1
0.1111111111111111	2.0	16	9	0.4
0.1111111111111111	2.0	32	9	0.9
0.1111111111111111	2.0	24	9	0.8
0.1111111111111111	2.0	28	9	0.8
0.1111111111111111	2.0	30	9	0.8
0.1111111111111111	2.0	31	9	0.7
0.07692307692307693	2.0	2	9	0.0
0.07692307692307693	2.0	4	9	0.0
0.07692307692307693	2.0	8	9	0.2
0.07692307692307693	2.0	16	9	0.6
0.07692307692307693	2.0	32	9	1.0
0.07692307692307693	2.0	24	9	0.8
0.07692307692307693	2.0	28	9	0.8
0.07692307692307693	2.0	30	9	1.0
0.07692307692307693	2.0	29	9	1.0
0.05882352941176471	2.0	2	9	0.0
0.05882352941176471	2.0	4	9	0.0
0.05882352941176471	2.0	8	9	0.2
0.05882352941176471	2.0	16	9	0.9
0.05882352941176471	2.0	12	9	0.5
0.05882352941176471	2.0	14	9	0.6
0.05882352941176471	2.0	15	9	0.9
0.047619047619047616	2.0	2	9	0.0
0.047619047619047616	2.0	4	9	0.0
0.047619047619047616	2.0	8	9	0.3
0.047619047619047616	2.0	16	9	0.5
0.047619047619047616	2.0	32	9	1.0
0.047619047619047616	2.0	24	9	0.9
0.047619047619047616	2.0	20	9	0.9
0.047619047619047616	2.0	18	9	0.9
0.047619047619047616	2.0	17	9	0.8
0.04	2.0	2	9	0.0
0.04	2.0	4	9	0.0
0.04	2.0	8	9	0.4
0.04	2.0	16	9	1.0
0.04	2.0	12	9	0.2
0.04	2.0	14	9	0.9
0.04	2.0	13	9	0.4
0.03448275862068965	2.0	2	9	0.0
0.03448275862068965	2.0	4	9	0.0
0.03448275862068965	2.0	8	9	0.1
0.03448275862068965	2.0	16	9	0.8
0.03448275862068965	2.0	32	9	1.0
0.03448275862068965	2.0	24	9	1.0
0.03448275862068965	2.0	20	9	0.9
0.03448275862068965	2.0	18	9	0.8
0.03448275862068965	2.0	19	9	1.0
0.030303030303030307	2.0	2	9	0.0
0.030303030303030307	2.0	4	9	0.0
0.030303030303030307	2.0	8	9	0.3
0.030303030303030307	2.0	16	9	0.7
0.030303030303030307	2.0	32	9	0.9
0.030303030303030307	2.0	24	9	1.0
0.030303030303030307	2.0	20	9	1.0
0.030303030303030307	2.0	18	9	0.9
0.030303030303030307	2.0	17	9	0.8
0.006666666666666667	2.0	2	9	0.0
0.006666666666666667	2.0	4	9	0.2
0.006666666666666667	2.0	8	9	0.4
0.006666666666666667	2.0	16	9	0.9
0.006666666666666667	2.0	12	9	0.9
0.006666666666666667	2.0	10	9	0.8
0.006666666666666667	2.0	11	9	0.6
0.0033333333333333327	2.0	2	9	0.0
0.0033333333333333327	2.0	4	9	0.1
0.0033333333333333327	2.0	8	9	0.1
0.0033333333333333327	2.0	16	9	0.9
0.0033333333333333327	2.0	12	9	0.8
0.0033333333333333327	2.0	14	9	0.9
0.0033333333333333327	2.0	13	9	0.7
1.0	5.0	2	9	0.0
1.0	5.0	4	9	0.0
1.0	5.0	8	9	0.0
1.0	5.0	16	9	0.0
1.0	5.0	32	9	0.0
1.0	5.0	64	9	0.0
1.0	5.0	128	9	0.0
1.0	5.0	256	9	0.0
1.0	5.0	512	9	0.0
1.0	5.0	1024	9	0.0
1.0	5.0	2048	9	0.0
1.0	5.0	4096	9	0.0
0.5	5.0	2	9	0.0
0.5	5.0	4	9	0.0
0.5	5.0	8	9	0.0
0.5	5.0	16	9	0.1
0.5	5.0	32	9	0.5
0.5	5.0	64	9	0.9
0.5	5.0	48	9	0.5
0.5	5.0	56	9	0.6
0.5	5.0	60	9	0.8
0.5	5.0	62	9	0.9
0.5	5.0	61	9	0.9
0.2	5.0	2	9	0.0
0.2	5.0	4	9	0.0
0.2	5.0	8	9	0.0
0.2	5.0	16	9	0.4
0.2	5.0	32	9	1.0
0.2	5.0	24	9	0.8
0.2	5.0	28	9	1.0
0.2	5.0	26	9	0.9
0.2	5.0	25	9	1.0
0.1111111111111111	5.0	2	9	0.0
0.1111111111111111	5.0	4	9	0.0
0.1111111111111111	5.0	8	9	0.4
0.1111111111111111	5.0	16	9	0.9
0.1111111111111111	5.0	12	9	0.8
0.1111111111111111	5.0	14	9	0.8
0.1111111111111111	5.0	15	9	0.6
0.07692307692307693	5.0	2	9	0.0
0.07692307692307693	5.0	4	9	0.3
0.07692307692307693	5.0	8	9	0.4
0.07692307692307693	5.0	16	9	0.8
0.07692307692307693	5.0	32	9	1.0
0.07692307692307693	5.0	24	9	1.0
0.07692307692307693	5.0	20	9	1.0
0.07692307692307693	5.0	18	9	0.9
0.07692307692307693	5.0	17	9	1.0
0.05882352941176471	5.0	2	9	0.0
0.05882352941176471	5.0	4	9	0.2
0.05882352941176471	5.0	8	9	0.2
0.05882352941176471	5.0	16	9	0.9
0.05882352941176471	5.0	12	9	0.6
0.05882352941176471	5.0	14	9	0.8
0.05882352941176471	5.0	15	9	0.7
0.047619047619047616	5.0	2	9	0.1
0.047619047619047616	5.0	4	9	0.2
0.047619047619047616	5.0	8	9	0.3
0.047619047619047616	5.0	16	9	0.5
0.047619047619047616	5.0	32	9	1.0
0.047619047619047616	5.0	24	9	1.0
0.047619047619047616	5.0	20	9	1.0
0.047619047619047616	5.0	18	9	0.9
0.047619047619047616	5.0	17	9	1.0
0.04	5.0	2	9	0.0
0.04	5.0	4	9	0.2
0.04	5.0	8	9	0.4
0.04	5.0	16	9	0.9
0.04	5.0	12	9	0.7
0.04	5.0	14	9	1.0
0.04	5.0	13	9	0.6
0.03448275862068965	5.0	2	9	0.0
0.03448275862068965	5.0	4	9	0.0
0.03448275862068965	5.0	8	9	0.4
0.03448275862068965	5.0	16	9	1.0
0.03448275862068965	5.0	12	9	0.6
0.03448275862068965	5.0	14	9	0.8
0.03448275862068965	5.0	15	9	0.8
0.030303030303030307	5.0	2	9	0.0
0.030303030303030307	5.0	4	9	0.0
0.030303030303030307	5.0	8	9	0.4
0.030303030303030307	5.0	16	9	1.0
0.030303030303030307	5.0	12	9	0.7
0.030303030303030307	5.0	14	9	0.8
0.030303030303030307	5.0	15	9	0.7
0.006666666666666667	5.0	2	9	0.1
0.006666666666666667	5.0	4	9	0.4
0.006666666666666667	5.0	8	9	0.6
0.006666666666666667	5.0	16	9	1.0
0.006666666666666667	5.0	12	9	0.6
0.006666666666666667	5.0	14	9	0.8
0.006666666666666667	5.0	15	9	0.9
0.0033333333333333327	5.0	2	9	0.0
0.0033333333333333327	5.0	4	9	0.1
0.0033333333333333327	5.0	8	9	0.7
0.0033333333333333327	5.0	16	9	0.9
0.0033333333333333327	5.0	12	9	0.6
0.0033333333333333327	5.0	14	9	0.9
0.0033333333333333327	5.0	13	9	1.0
