1.0	0.08333333333333333	2	9	0.0
1.0	0.08333333333333333	4	9	0.0
1.0	0.08333333333333333	8	9	0.0
1.0	0.08333333333333333	16	9	0.0
1.0	0.08333333333333333	32	9	0.0
1.0	0.08333333333333333	64	9	0.0
1.0	0.08333333333333333	128	9	0.0
1.0	0.08333333333333333	256	9	0.2
1.0	0.08333333333333333	512	9	0.8
1.0	0.08333333333333333	1024	9	0.9
1.0	0.08333333333333333	768	9	0.9
1.0	0.08333333333333333	640	9	0.7
1.0	0.08333333333333333	704	9	0.7
1.0	0.08333333333333333	736	9	0.9
1.0	0.08333333333333333	720	9	0.8
1.0	0.08333333333333333	728	9	0.8
1.0	0.08333333333333333	732	9	0.9
1.0	0.08333333333333333	730	9	1.0
1.0	0.08333333333333333	729	9	1.0
0.5	0.08333333333333333	2	9	0.0
0.5	0.08333333333333333	4	9	0.0
0.5	0.08333333333333333	8	9	0.0
0.5	0.08333333333333333	16	9	0.0
0.5	0.08333333333333333	32	9	0.0
0.5	0.08333333333333333	64	9	0.0
0.5	0.08333333333333333	128	9	0.3
0.5	0.08333333333333333	256	9	0.7
0.5	0.08333333333333333	512	9	1.0
0.5	0.08333333333333333	384	9	0.9
0.5	0.08333333333333333	320	9	0.6
0.5	0.08333333333333333	352	9	0.8
0.5	0.08333333333333333	368	9	1.0
0.5	0.08333333333333333	360	9	0.8
0.5	0.08333333333333333	364	9	0.4
0.5	0.08333333333333333	366	9	0.9
0.5	0.08333333333333333	365	9	0.8
0.2	0.08333333333333333	2	9	0.0
0.2	0.08333333333333333	4	9	0.0
0.2	0.08333333333333333	8	9	0.0
0.2	0.08333333333333333	16	9	0.0
0.2	0.08333333333333333	32	9	0.1
0.2	0.08333333333333333	64	9	0.1
0.2	0.08333333333333333	128	9	0.1
0.2	0.08333333333333333	256	9	0.8
0.2	0.08333333333333333	512	9	0.9
0.2	0.08333333333333333	384	9	1.0
0.2	0.08333333333333333	320	9	1.0
0.2	0.08333333333333333	288	9	1.0
0.2	0.08333333333333333	272	9	1.0
0.2	0.08333333333333333	264	9	0.8
0.2	0.08333333333333333	268	9	0.9
0.2	0.08333333333333333	266	9	0.9
0.2	0.08333333333333333	265	9	0.7
0.1111111111111111	0.08333333333333333	2	9	0.0
0.1111111111111111	0.08333333333333333	4	9	0.0
0.1111111111111111	0.08333333333333333	8	9	0.0
0.1111111111111111	0.08333333333333333	16	9	0.0
0.1111111111111111	0.08333333333333333	32	9	0.0
0.1111111111111111	0.08333333333333333	64	9	0.2
0.1111111111111111	0.08333333333333333	128	9	0.4
0.1111111111111111	0.08333333333333333	256	9	0.9
0.1111111111111111	0.08333333333333333	192	9	0.7
0.1111111111111111	0.08333333333333333	224	9	0.8
0.1111111111111111	0.08333333333333333	240	9	0.8
0.1111111111111111	0.08333333333333333	248	9	0.8
0.1111111111111111	0.08333333333333333	252	9	0.8
0.1111111111111111	0.08333333333333333	254	9	0.9
0.1111111111111111	0.08333333333333333	253	9	0.8
0.07692307692307693	0.08333333333333333	2	9	0.0
0.07692307692307693	0.08333333333333333	4	9	0.0
0.07692307692307693	0.08333333333333333	8	9	0.0
0.07692307692307693	0.08333333333333333	16	9	0.0
0.07692307692307693	0.08333333333333333	32	9	0.0
0.07692307692307693	0.08333333333333333	64	9	0.2
0.07692307692307693	0.08333333333333333	128	9	0.5
0.07692307692307693	0.08333333333333333	256	9	0.7
0.07692307692307693	0.08333333333333333	512	9	1.0
0.07692307692307693	0.08333333333333333	384	9	1.0
0.07692307692307693	0.08333333333333333	320	9	0.7
0.07692307692307693	0.08333333333333333	352	9	0.9
0.07692307692307693	0.08333333333333333	336	9	1.0
0.07692307692307693	0.08333333333333333	328	9	0.8
0.07692307692307693	0.08333333333333333	332	9	0.7
0.07692307692307693	0.08333333333333333	334	9	1.0
0.07692307692307693	0.08333333333333333	333	9	0.8
0.05882352941176471	0.08333333333333333	2	9	0.0
0.05882352941176471	0.08333333333333333	4	9	0.0
0.05882352941176471	0.08333333333333333	8	9	0.0
0.05882352941176471	0.08333333333333333	16	9	0.1
0.05882352941176471	0.08333333333333333	32	9	0.0
0.05882352941176471	0.08333333333333333	64	9	0.3
0.05882352941176471	0.08333333333333333	128	9	0.7
0.05882352941176471	0.08333333333333333	256	9	0.8
0.05882352941176471	0.08333333333333333	512	9	1.0
0.05882352941176471	0.08333333333333333	384	9	0.8
0.05882352941176471	0.08333333333333333	448	9	1.0
0.05882352941176471	0.08333333333333333	416	9	1.0
0.05882352941176471	0.08333333333333333	400	9	1.0
0.05882352941176471	0.08333333333333333	392	9	1.0
0.05882352941176471	0.08333333333333333	388	9	0.9
0.05882352941176471	0.08333333333333333	386	9	1.0
0.05882352941176471	0.08333333333333333	385	9	1.0
0.047619047619047616	0.08333333333333333	2	9	0.0
0.047619047619047616	0.08333333333333333	4	9	0.1
0.047619047619047616	0.08333333333333333	8	9	0.0
0.047619047619047616	0.08333333333333333	16	9	0.1
0.047619047619047616	0.08333333333333333	32	9	0.0
0.047619047619047616	0.08333333333333333	64	9	0.2
0.047619047619047616	0.08333333333333333	128	9	0.2
0.047619047619047616	0.08333333333333333	256	9	0.6
0.047619047619047616	0.08333333333333333	512	9	1.0
0.047619047619047616	0.08333333333333333	384	9	0.9
0.047619047619047616	0.08333333333333333	320	9	0.9
0.047619047619047616	0.08333333333333333	288	9	0.6
0.047619047619047616	0.08333333333333333	304	9	0.9
0.047619047619047616	0.08333333333333333	296	9	1.0
0.047619047619047616	0.08333333333333333	292	9	0.8
0.047619047619047616	0.08333333333333333	294	9	0.6
0.047619047619047616	0.08333333333333333	295	9	0.8
0.04	0.08333333333333333	2	9	0.0
0.04	0.08333333333333333	4	9	0.0
0.04	0.08333333333333333	8	9	0.0
0.04	0.08333333333333333	16	9	0.0
0.04	0.08333333333333333	32	9	0.1
0.04	0.08333333333333333	64	9	0.3
0.04	0.08333333333333333	128	9	0.5
0.04	0.08333333333333333	256	9	0.9
0.04	0.08333333333333333	192	9	0.5
0.04	0.08333333333333333	224	9	0.7
0.04	0.08333333333333333	240	9	0.8
0.04	0.08333333333333333	248	9	0.9
0.04	0.08333333333333333	244	9	1.0
0.04	0.08333333333333333	242	9	0.9
0.04	0.08333333333333333	241	9	0.8
0.03448275862068965	0.08333333333333333	2	9	0.0
0.03448275862068965	0.08333333333333333	4	9	0.0
0.03448275862068965	0.08333333333333333	8	9	0.0
0.03448275862068965	0.08333333333333333	16	9	0.1
0.03448275862068965	0.08333333333333333	32	9	0.0
0.03448275862068965	0.08333333333333333	64	9	0.1
0.03448275862068965	0.08333333333333333	128	9	0.2
0.03448275862068965	0.08333333333333333	256	9	1.0
0.03448275862068965	0.08333333333333333	192	9	0.5
0.03448275862068965	0.08333333333333333	224	9	0.8
0.03448275862068965	0.08333333333333333	240	9	0.7
0.03448275862068965	0.08333333333333333	248	9	0.6
0.03448275862068965	0.08333333333333333	252	9	0.9
0.03448275862068965	0.08333333333333333	250	9	1.0
0.03448275862068965	0.08333333333333333	249	9	0.8
0.030303030303030307	0.08333333333333333	2	9	0.0
0.030303030303030307	0.08333333333333333	4	9	0.0
0.030303030303030307	0.08333333333333333	8	9	0.0
0.030303030303030307	0.08333333333333333	16	9	0.0
0.030303030303030307	0.08333333333333333	32	9	0.0
0.030303030303030307	0.08333333333333333	64	9	0.0
0.030303030303030307	0.08333333333333333	128	9	0.5
0.030303030303030307	0.08333333333333333	256	9	1.0
0.030303030303030307	0.08333333333333333	192	9	0.6
0.030303030303030307	0.08333333333333333	224	9	0.9
0.030303030303030307	0.08333333333333333	208	9	0.9
0.030303030303030307	0.08333333333333333	200	9	0.8
0.030303030303030307	0.08333333333333333	204	9	0.7
0.030303030303030307	0.08333333333333333	206	9	0.9
0.030303030303030307	0.08333333333333333	205	9	0.9
0.006666666666666667	0.08333333333333333	2	9	0.0
0.006666666666666667	0.08333333333333333	4	9	0.0
0.006666666666666667	0.08333333333333333	8	9	0.0
0.006666666666666667	0.08333333333333333	16	9	0.0
0.006666666666666667	0.08333333333333333	32	9	0.1
0.006666666666666667	0.08333333333333333	64	9	0.3
0.006666666666666667	0.08333333333333333	128	9	0.6
0.006666666666666667	0.08333333333333333	256	9	0.6
0.006666666666666667	0.08333333333333333	512	9	1.0
0.006666666666666667	0.08333333333333333	384	9	1.0
0.006666666666666667	0.08333333333333333	320	9	1.0
0.006666666666666667	0.08333333333333333	288	9	0.9
0.006666666666666667	0.08333333333333333	272	9	1.0
0.006666666666666667	0.08333333333333333	264	9	0.9
0.006666666666666667	0.08333333333333333	260	9	0.8
0.006666666666666667	0.08333333333333333	262	9	0.9
0.006666666666666667	0.08333333333333333	261	9	0.9
0.0033333333333333327	0.08333333333333333	2	9	0.0
0.0033333333333333327	0.08333333333333333	4	9	0.0
0.0033333333333333327	0.08333333333333333	8	9	0.1
0.0033333333333333327	0.08333333333333333	16	9	0.0
0.0033333333333333327	0.08333333333333333	32	9	0.1
0.0033333333333333327	0.08333333333333333	64	9	0.2
0.0033333333333333327	0.08333333333333333	128	9	0.8
0.0033333333333333327	0.08333333333333333	256	9	0.8
0.0033333333333333327	0.08333333333333333	512	9	1.0
0.0033333333333333327	0.08333333333333333	384	9	0.9
0.0033333333333333327	0.08333333333333333	320	9	0.9
0.0033333333333333327	0.08333333333333333	288	9	0.9
0.0033333333333333327	0.08333333333333333	272	9	0.9
0.0033333333333333327	0.08333333333333333	264	9	0.9
0.0033333333333333327	0.08333333333333333	260	9	0.9
0.0033333333333333327	0.08333333333333333	258	9	0.8
0.0033333333333333327	0.08333333333333333	259	9	1.0
1.0	0.1	2	9	0.0
1.0	0.1	4	9	0.0
1.0	0.1	8	9	0.0
1.0	0.1	16	9	0.0
1.0	0.1	32	9	0.0
1.0	0.1	64	9	0.0
1.0	0.1	128	9	0.0
1.0	0.1	256	9	0.5
1.0	0.1	512	9	0.6
1.0	0.1	1024	9	1.0
1.0	0.1	768	9	0.9
1.0	0.1	640	9	1.0
1.0	0.1	576	9	0.9
1.0	0.1	544	9	1.0
1.0	0.1	528	9	0.7
1.0	0.1	536	9	0.9
1.0	0.1	532	9	0.9
1.0	0.1	530	9	0.7
1.0	0.1	531	9	0.7
0.5	0.1	2	9	0.0
0.5	0.1	4	9	0.0
0.5	0.1	8	9	0.0
0.5	0.1	16	9	0.0
0.5	0.1	32	9	0.0
0.5	0.1	64	9	0.0
0.5	0.1	128	9	0.3
0.5	0.1	256	9	0.8
0.5	0.1	512	9	1.0
0.5	0.1	384	9	0.9
0.5	0.1	320	9	0.7
0.5	0.1	352	9	0.9
0.5	0.1	336	9	0.9
0.5	0.1	328	9	0.6
0.5	0.1	332	9	0.7
0.5	0.1	334	9	0.4
0.5	0.1	335	9	0.8
0.2	0.1	2	9	0.0
0.2	0.1	4	9	0.0
0.2	0.1	8	9	0.0
0.2	0.1	16	9	0.1
0.2	0.1	32	9	0.1
0.2	0.1	64	9	0.1
0.2	0.1	128	9	0.4
0.2	0.1	256	9	0.9
0.2	0.1	192	9	0.8
0.2	0.1	224	9	0.9
0.2	0.1	208	9	0.9
0.2	0.1	200	9	0.5
0.2	0.1	204	9	0.8
0.2	0.1	206	9	0.7
0.2	0.1	207	9	0.8
0.1111111111111111	0.1	2	9	0.0
0.1111111111111111	0.1	4	9	0.0
0.1111111111111111	0.1	8	9	0.0
0.1111111111111111	0.1	16	9	0.0
0.1111111111111111	0.1	32	9	0.0
0.1111111111111111	0.1	64	9	0.5
0.1111111111111111	0.1	128	9	0.4
0.1111111111111111	0.1	256	9	0.8
0.1111111111111111	0.1	512	9	1.0
0.1111111111111111	0.1	384	9	0.9
0.1111111111111111	0.1	320	9	1.0
0.1111111111111111	0.1	288	9	0.7
0.1111111111111111	0.1	304	9	0.7
0.1111111111111111	0.1	312	9	1.0
0.1111111111111111	0.1	308	9	0.8
0.1111111111111111	0.1	310	9	1.0
0.1111111111111111	0.1	309	9	0.9
0.07692307692307693	0.1	2	9	0.0
0.07692307692307693	0.1	4	9	0.0
0.07692307692307693	0.1	8	9	0.1
0.07692307692307693	0.1	16	9	0.0
0.07692307692307693	0.1	32	9	0.2
0.07692307692307693	0.1	64	9	0.2
0.07692307692307693	0.1	128	9	0.7
0.07692307692307693	0.1	256	9	1.0
0.07692307692307693	0.1	192	9	0.8
0.07692307692307693	0.1	224	9	0.9
0.07692307692307693	0.1	208	9	0.9
0.07692307692307693	0.1	200	9	0.8
0.07692307692307693	0.1	204	9	0.6
0.07692307692307693	0.1	206	9	0.9
0.07692307692307693	0.1	205	9	0.8
0.05882352941176471	0.1	2	9	0.0
0.05882352941176471	0.1	4	9	0.0
0.05882352941176471	0.1	8	9	0.1
0.05882352941176471	0.1	16	9	0.0
0.05882352941176471	0.1	32	9	0.1
0.05882352941176471	0.1	64	9	0.3
0.05882352941176471	0.1	128	9	0.5
0.05882352941176471	0.1	256	9	0.9
0.05882352941176471	0.1	192	9	0.8
0.05882352941176471	0.1	224	9	0.9
0.05882352941176471	0.1	208	9	0.8
0.05882352941176471	0.1	216	9	0.7
0.05882352941176471	0.1	220	9	0.7
0.05882352941176471	0.1	222	9	0.7
0.05882352941176471	0.1	223	9	0.7
0.047619047619047616	0.1	2	9	0.0
0.047619047619047616	0.1	4	9	0.0
0.047619047619047616	0.1	8	9	0.0
0.047619047619047616	0.1	16	9	0.0
0.047619047619047616	0.1	32	9	0.0
0.047619047619047616	0.1	64	9	0.5
0.047619047619047616	0.1	128	9	0.7
0.047619047619047616	0.1	256	9	0.8
0.047619047619047616	0.1	512	9	0.9
0.047619047619047616	0.1	384	9	1.0
0.047619047619047616	0.1	320	9	1.0
0.047619047619047616	0.1	288	9	1.0
0.047619047619047616	0.1	272	9	0.9
0.047619047619047616	0.1	264	9	0.9
0.047619047619047616	0.1	260	9	0.7
0.047619047619047616	0.1	262	9	0.9
0.047619047619047616	0.1	261	9	0.9
0.04	0.1	2	9	0.0
0.04	0.1	4	9	0.0
0.04	0.1	8	9	0.0
0.04	0.1	16	9	0.1
0.04	0.1	32	9	0.1
0.04	0.1	64	9	0.1
0.04	0.1	128	9	0.5
0.04	0.1	256	9	0.9
0.04	0.1	192	9	0.6
0.04	0.1	224	9	1.0
0.04	0.1	208	9	0.9
0.04	0.1	200	9	0.9
0.04	0.1	196	9	0.7
0.04	0.1	198	9	1.0
0.04	0.1	197	9	0.8
0.03448275862068965	0.1	2	9	0.0
0.03448275862068965	0.1	4	9	0.0
0.03448275862068965	0.1	8	9	0.0
0.03448275862068965	0.1	16	9	0.0
0.03448275862068965	0.1	32	9	0.0
0.03448275862068965	0.1	64	9	0.0
0.03448275862068965	0.1	128	9	0.3
0.03448275862068965	0.1	256	9	0.9
0.03448275862068965	0.1	192	9	0.8
0.03448275862068965	0.1	224	9	1.0
0.03448275862068965	0.1	208	9	0.8
0.03448275862068965	0.1	216	9	0.9
0.03448275862068965	0.1	212	9	0.7
0.03448275862068965	0.1	214	9	0.9
0.03448275862068965	0.1	213	9	0.8
0.030303030303030307	0.1	2	9	0.0
0.030303030303030307	0.1	4	9	0.0
0.030303030303030307	0.1	8	9	0.0
0.030303030303030307	0.1	16	9	0.1
0.030303030303030307	0.1	32	9	0.1
0.030303030303030307	0.1	64	9	0.2
0.030303030303030307	0.1	128	9	0.7
0.030303030303030307	0.1	256	9	1.0
0.030303030303030307	0.1	192	9	0.8
0.030303030303030307	0.1	224	9	0.9
0.030303030303030307	0.1	208	9	0.9
0.030303030303030307	0.1	200	9	0.9
0.030303030303030307	0.1	196	9	0.7
0.030303030303030307	0.1	198	9	0.7
0.030303030303030307	0.1	199	9	0.9
0.006666666666666667	0.1	2	9	0.0
0.006666666666666667	0.1	4	9	0.0
0.006666666666666667	0.1	8	9	0.0
0.006666666666666667	0.1	16	9	0.0
0.006666666666666667	0.1	32	9	0.1
0.006666666666666667	0.1	64	9	0.6
0.006666666666666667	0.1	128	9	0.5
0.006666666666666667	0.1	256	9	0.8
0.006666666666666667	0.1	512	9	1.0
0.006666666666666667	0.1	384	9	0.8
0.006666666666666667	0.1	448	9	1.0
0.006666666666666667	0.1	416	9	1.0
0.006666666666666667	0.1	400	9	0.9
0.006666666666666667	0.1	392	9	1.0
0.006666666666666667	0.1	388	9	1.0
0.006666666666666667	0.1	386	9	1.0
0.006666666666666667	0.1	385	9	1.0
0.0033333333333333327	0.1	2	9	0.0
0.0033333333333333327	0.1	4	9	0.0
0.0033333333333333327	0.1	8	9	0.1
0.0033333333333333327	0.1	16	9	0.1
0.0033333333333333327	0.1	32	9	0.1
0.0033333333333333327	0.1	64	9	0.4
0.0033333333333333327	0.1	128	9	0.4
0.0033333333333333327	0.1	256	9	0.9
0.0033333333333333327	0.1	192	9	0.8
0.0033333333333333327	0.1	224	9	0.9
0.0033333333333333327	0.1	208	9	0.6
0.0033333333333333327	0.1	216	9	0.9
0.0033333333333333327	0.1	212	9	0.9
0.0033333333333333327	0.1	210	9	0.7
0.0033333333333333327	0.1	211	9	0.7
1.0	0.125	2	9	0.0
1.0	0.125	4	9	0.0
1.0	0.125	8	9	0.0
1.0	0.125	16	9	0.0
1.0	0.125	32	9	0.0
1.0	0.125	64	9	0.0
1.0	0.125	128	9	0.1
1.0	0.125	256	9	0.4
1.0	0.125	512	9	0.8
1.0	0.125	1024	9	1.0
1.0	0.125	768	9	0.8
1.0	0.125	896	9	1.0
1.0	0.125	832	9	1.0
1.0	0.125	800	9	0.9
1.0	0.125	784	9	1.0
1.0	0.125	776	9	1.0
1.0	0.125	772	9	0.9
1.0	0.125	770	9	0.9
1.0	0.125	769	9	0.9
0.5	0.125	2	9	0.0
0.5	0.125	4	9	0.0
0.5	0.125	8	9	0.0
0.5	0.125	16	9	0.0
0.5	0.125	32	9	0.0
0.5	0.125	64	9	0.0
0.5	0.125	128	9	0.1
0.5	0.125	256	9	0.7
0.5	0.125	512	9	1.0
0.5	0.125	384	9	0.9
0.5	0.125	320	9	0.7
0.5	0.125	352	9	0.7
0.5	0.125	368	9	0.8
0.5	0.125	376	9	0.8
0.5	0.125	380	9	0.9
0.5	0.125	378	9	0.9
0.5	0.125	377	9	0.9
0.2	0.125	2	9	0.0
0.2	0.125	4	9	0.0
0.2	0.125	8	9	0.0
0.2	0.125	16	9	0.1
0.2	0.125	32	9	0.0
0.2	0.125	64	9	0.1
0.2	0.125	128	9	0.3
0.2	0.125	256	9	0.8
0.2	0.125	512	9	1.0
0.2	0.125	384	9	1.0
0.2	0.125	320	9	1.0
0.2	0.125	288	9	1.0
0.2	0.125	272	9	0.9
0.2	0.125	264	9	0.8
0.2	0.125	268	9	1.0
0.2	0.125	266	9	1.0
0.2	0.125	265	9	0.7
0.1111111111111111	0.125	2	9	0.0
0.1111111111111111	0.125	4	9	0.0
0.1111111111111111	0.125	8	9	0.0
0.1111111111111111	0.125	16	9	0.1
0.1111111111111111	0.125	32	9	0.0
0.1111111111111111	0.125	64	9	0.2
0.1111111111111111	0.125	128	9	0.6
0.1111111111111111	0.125	256	9	0.9
0.1111111111111111	0.125	192	9	0.6
0.1111111111111111	0.125	224	9	0.8
0.1111111111111111	0.125	240	9	1.0
0.1111111111111111	0.125	232	9	0.9
0.1111111111111111	0.125	228	9	0.9
0.1111111111111111	0.125	226	9	0.8
0.1111111111111111	0.125	227	9	0.9
0.07692307692307693	0.125	2	9	0.0
0.07692307692307693	0.125	4	9	0.0
0.07692307692307693	0.125	8	9	0.0
0.07692307692307693	0.125	16	9	0.0
0.07692307692307693	0.125	32	9	0.1
0.07692307692307693	0.125	64	9	0.4
0.07692307692307693	0.125	128	9	0.7
0.07692307692307693	0.125	256	9	1.0
0.07692307692307693	0.125	192	9	0.9
0.07692307692307693	0.125	160	9	0.7
0.07692307692307693	0.125	176	9	0.7
0.07692307692307693	0.125	184	9	0.9
0.07692307692307693	0.125	180	9	0.8
0.07692307692307693	0.125	182	9	0.8
0.07692307692307693	0.125	183	9	0.9
0.05882352941176471	0.125	2	9	0.0
0.05882352941176471	0.125	4	9	0.0
0.05882352941176471	0.125	8	9	0.0
0.05882352941176471	0.125	16	9	0.1
0.05882352941176471	0.125	32	9	0.1
0.05882352941176471	0.125	64	9	0.0
0.05882352941176471	0.125	128	9	0.6
0.05882352941176471	0.125	256	9	0.9
0.05882352941176471	0.125	192	9	1.0
0.05882352941176471	0.125	160	9	0.6
0.05882352941176471	0.125	176	9	1.0
0.05882352941176471	0.125	168	9	0.8
0.05882352941176471	0.125	172	9	0.6
0.05882352941176471	0.125	174	9	0.8
0.05882352941176471	0.125	175	9	0.7
0.047619047619047616	0.125	2	9	0.0
0.047619047619047616	0.125	4	9	0.0
0.047619047619047616	0.125	8	9	0.0
0.047619047619047616	0.125	16	9	0.1
0.047619047619047616	0.125	32	9	0.2
0.047619047619047616	0.125	64	9	0.2
0.047619047619047616	0.125	128	9	0.9
0.047619047619047616	0.125	96	9	0.6
0.047619047619047616	0.125	112	9	0.6
0.047619047619047616	0.125	120	9	0.5
0.047619047619047616	0.125	124	9	0.5
0.047619047619047616	0.125	126	9	0.9
0.047619047619047616	0.125	125	9	0.4
0.04	0.125	2	9	0.0
0.04	0.125	4	9	0.0
0.04	0.125	8	9	0.0
0.04	0.125	16	9	0.0
0.04	0.125	32	9	0.3
0.04	0.125	64	9	0.1
0.04	0.125	128	9	0.6
0.04	0.125	256	9	0.9
0.04	0.125	192	9	0.9
0.04	0.125	160	9	0.8
0.04	0.125	176	9	1.0
0.04	0.125	168	9	0.9
0.04	0.125	164	9	0.9
0.04	0.125	162	9	0.7
0.04	0.125	163	9	0.8
0.03448275862068965	0.125	2	9	0.0
0.03448275862068965	0.125	4	9	0.0
0.03448275862068965	0.125	8	9	0.1
0.03448275862068965	0.125	16	9	0.0
0.03448275862068965	0.125	32	9	0.0
0.03448275862068965	0.125	64	9	0.2
0.03448275862068965	0.125	128	9	0.8
0.03448275862068965	0.125	256	9	0.9
0.03448275862068965	0.125	192	9	1.0
0.03448275862068965	0.125	160	9	0.8
0.03448275862068965	0.125	176	9	1.0
0.03448275862068965	0.125	168	9	0.9
0.03448275862068965	0.125	164	9	0.9
0.03448275862068965	0.125	162	9	0.7
0.03448275862068965	0.125	163	9	0.9
0.030303030303030307	0.125	2	9	0.0
0.030303030303030307	0.125	4	9	0.0
0.030303030303030307	0.125	8	9	0.0
0.030303030303030307	0.125	16	9	0.0
0.030303030303030307	0.125	32	9	0.3
0.030303030303030307	0.125	64	9	0.0
0.030303030303030307	0.125	128	9	0.6
0.030303030303030307	0.125	256	9	0.9
0.030303030303030307	0.125	192	9	0.9
0.030303030303030307	0.125	160	9	1.0
0.030303030303030307	0.125	144	9	0.8
0.030303030303030307	0.125	152	9	0.8
0.030303030303030307	0.125	156	9	0.7
0.030303030303030307	0.125	158	9	0.7
0.030303030303030307	0.125	159	9	0.7
0.006666666666666667	0.125	2	9	0.0
0.006666666666666667	0.125	4	9	0.0
0.006666666666666667	0.125	8	9	0.0
0.006666666666666667	0.125	16	9	0.0
0.006666666666666667	0.125	32	9	0.0
0.006666666666666667	0.125	64	9	0.3
0.006666666666666667	0.125	128	9	0.8
0.006666666666666667	0.125	256	9	1.0
0.006666666666666667	0.125	192	9	1.0
0.006666666666666667	0.125	160	9	0.9
0.006666666666666667	0.125	144	9	0.6
0.006666666666666667	0.125	152	9	0.9
0.006666666666666667	0.125	148	9	0.9
0.006666666666666667	0.125	146	9	0.7
0.006666666666666667	0.125	147	9	0.8
0.0033333333333333327	0.125	2	9	0.0
0.0033333333333333327	0.125	4	9	0.0
0.0033333333333333327	0.125	8	9	0.1
0.0033333333333333327	0.125	16	9	0.0
0.0033333333333333327	0.125	32	9	0.2
0.0033333333333333327	0.125	64	9	0.2
0.0033333333333333327	0.125	128	9	1.0
0.0033333333333333327	0.125	96	9	0.4
0.0033333333333333327	0.125	112	9	0.6
0.0033333333333333327	0.125	120	9	0.3
0.0033333333333333327	0.125	124	9	0.7
0.0033333333333333327	0.125	126	9	0.4
0.0033333333333333327	0.125	127	9	0.8
1.0	0.16666666666666666	2	9	0.0
1.0	0.16666666666666666	4	9	0.0
1.0	0.16666666666666666	8	9	0.0
1.0	0.16666666666666666	16	9	0.0
1.0	0.16666666666666666	32	9	0.0
1.0	0.16666666666666666	64	9	0.0
1.0	0.16666666666666666	128	9	0.1
1.0	0.16666666666666666	256	9	0.6
1.0	0.16666666666666666	512	9	1.0
1.0	0.16666666666666666	384	9	0.9
1.0	0.16666666666666666	320	9	0.7
1.0	0.16666666666666666	352	9	0.7
1.0	0.16666666666666666	368	9	0.7
1.0	0.16666666666666666	376	9	0.8
1.0	0.16666666666666666	380	9	0.5
1.0	0.16666666666666666	382	9	0.7
1.0	0.16666666666666666	383	9	0.6
0.5	0.16666666666666666	2	9	0.0
0.5	0.16666666666666666	4	9	0.0
0.5	0.16666666666666666	8	9	0.0
0.5	0.16666666666666666	16	9	0.0
0.5	0.16666666666666666	32	9	0.0
0.5	0.16666666666666666	64	9	0.0
0.5	0.16666666666666666	128	9	0.5
0.5	0.16666666666666666	256	9	0.9
0.5	0.16666666666666666	192	9	0.7
0.5	0.16666666666666666	224	9	0.7
0.5	0.16666666666666666	240	9	0.6
0.5	0.16666666666666666	248	9	0.9
0.5	0.16666666666666666	244	9	0.6
0.5	0.16666666666666666	246	9	0.8
0.5	0.16666666666666666	247	9	0.8
0.2	0.16666666666666666	2	9	0.0
0.2	0.16666666666666666	4	9	0.0
0.2	0.16666666666666666	8	9	0.0
0.2	0.16666666666666666	16	9	0.1
0.2	0.16666666666666666	32	9	0.0
0.2	0.16666666666666666	64	9	0.1
0.2	0.16666666666666666	128	9	0.7
0.2	0.16666666666666666	256	9	1.0
0.2	0.16666666666666666	192	9	0.8
0.2	0.16666666666666666	224	9	0.8
0.2	0.16666666666666666	240	9	0.9
0.2	0.16666666666666666	232	9	0.9
0.2	0.16666666666666666	228	9	1.0
0.2	0.16666666666666666	226	9	0.9
0.2	0.16666666666666666	225	9	1.0
0.1111111111111111	0.16666666666666666	2	9	0.0
0.1111111111111111	0.16666666666666666	4	9	0.0
0.1111111111111111	0.16666666666666666	8	9	0.0
0.1111111111111111	0.16666666666666666	16	9	0.0
0.1111111111111111	0.16666666666666666	32	9	0.2
0.1111111111111111	0.16666666666666666	64	9	0.3
0.1111111111111111	0.16666666666666666	128	9	0.9
0.1111111111111111	0.16666666666666666	96	9	0.7
0.1111111111111111	0.16666666666666666	112	9	0.7
0.1111111111111111	0.16666666666666666	120	9	0.7
0.1111111111111111	0.16666666666666666	124	9	0.9
0.1111111111111111	0.16666666666666666	122	9	0.8
0.1111111111111111	0.16666666666666666	123	9	1.0
0.07692307692307693	0.16666666666666666	2	9	0.0
0.07692307692307693	0.16666666666666666	4	9	0.0
0.07692307692307693	0.16666666666666666	8	9	0.0
0.07692307692307693	0.16666666666666666	16	9	0.0
0.07692307692307693	0.16666666666666666	32	9	0.0
0.07692307692307693	0.16666666666666666	64	9	0.4
0.07692307692307693	0.16666666666666666	128	9	0.7
0.07692307692307693	0.16666666666666666	256	9	1.0
0.07692307692307693	0.16666666666666666	192	9	0.8
0.07692307692307693	0.16666666666666666	224	9	1.0
0.07692307692307693	0.16666666666666666	208	9	1.0
0.07692307692307693	0.16666666666666666	200	9	0.9
0.07692307692307693	0.16666666666666666	196	9	0.9
0.07692307692307693	0.16666666666666666	194	9	0.8
0.07692307692307693	0.16666666666666666	195	9	0.8
0.05882352941176471	0.16666666666666666	2	9	0.0
0.05882352941176471	0.16666666666666666	4	9	0.0
0.05882352941176471	0.16666666666666666	8	9	0.0
0.05882352941176471	0.16666666666666666	16	9	0.1
0.05882352941176471	0.16666666666666666	32	9	0.0
0.05882352941176471	0.16666666666666666	64	9	0.2
0.05882352941176471	0.16666666666666666	128	9	0.8
0.05882352941176471	0.16666666666666666	256	9	1.0
0.05882352941176471	0.16666666666666666	192	9	1.0
0.05882352941176471	0.16666666666666666	160	9	0.8
0.05882352941176471	0.16666666666666666	176	9	1.0
0.05882352941176471	0.16666666666666666	168	9	0.9
0.05882352941176471	0.16666666666666666	164	9	0.8
0.05882352941176471	0.16666666666666666	166	9	0.8
0.05882352941176471	0.16666666666666666	167	9	1.0
0.047619047619047616	0.16666666666666666	2	9	0.0
0.047619047619047616	0.16666666666666666	4	9	0.0
0.047619047619047616	0.16666666666666666	8	9	0.0
0.047619047619047616	0.16666666666666666	16	9	0.0
0.047619047619047616	0.16666666666666666	32	9	0.2
0.047619047619047616	0.16666666666666666	64	9	0.5
0.047619047619047616	0.16666666666666666	128	9	0.7
0.047619047619047616	0.16666666666666666	256	9	1.0
0.047619047619047616	0.16666666666666666	192	9	0.9
0.047619047619047616	0.16666666666666666	160	9	0.9
0.047619047619047616	0.16666666666666666	144	9	0.8
0.047619047619047616	0.16666666666666666	152	9	1.0
0.047619047619047616	0.16666666666666666	148	9	0.9
0.047619047619047616	0.16666666666666666	146	9	0.9
0.047619047619047616	0.16666666666666666	145	9	1.0
0.04	0.16666666666666666	2	9	0.0
0.04	0.16666666666666666	4	9	0.0
0.04	0.16666666666666666	8	9	0.0
0.04	0.16666666666666666	16	9	0.0
0.04	0.16666666666666666	32	9	0.0
0.04	0.16666666666666666	64	9	0.7
0.04	0.16666666666666666	128	9	0.8
0.04	0.16666666666666666	256	9	1.0
0.04	0.16666666666666666	192	9	1.0
0.04	0.16666666666666666	160	9	0.7
0.04	0.16666666666666666	176	9	0.9
0.04	0.16666666666666666	168	9	1.0
0.04	0.16666666666666666	164	9	1.0
0.04	0.16666666666666666	162	9	0.9
0.04	0.16666666666666666	161	9	0.9
0.03448275862068965	0.16666666666666666	2	9	0.0
0.03448275862068965	0.16666666666666666	4	9	0.0
0.03448275862068965	0.16666666666666666	8	9	0.1
0.03448275862068965	0.16666666666666666	16	9	0.2
0.03448275862068965	0.16666666666666666	32	9	0.2
0.03448275862068965	0.16666666666666666	64	9	0.4
0.03448275862068965	0.16666666666666666	128	9	1.0
0.03448275862068965	0.16666666666666666	96	9	0.6
0.03448275862068965	0.16666666666666666	112	9	0.9
0.03448275862068965	0.16666666666666666	104	9	0.7
0.03448275862068965	0.16666666666666666	108	9	0.8
0.03448275862068965	0.16666666666666666	110	9	0.8
0.03448275862068965	0.16666666666666666	111	9	0.8
0.030303030303030307	0.16666666666666666	2	9	0.0
0.030303030303030307	0.16666666666666666	4	9	0.0
0.030303030303030307	0.16666666666666666	8	9	0.0
0.030303030303030307	0.16666666666666666	16	9	0.0
0.030303030303030307	0.16666666666666666	32	9	0.2
0.030303030303030307	0.16666666666666666	64	9	0.1
0.030303030303030307	0.16666666666666666	128	9	1.0
0.030303030303030307	0.16666666666666666	96	9	0.6
0.030303030303030307	0.16666666666666666	112	9	0.7
0.030303030303030307	0.16666666666666666	120	9	0.8
0.030303030303030307	0.16666666666666666	124	9	0.9
0.030303030303030307	0.16666666666666666	122	9	0.9
0.030303030303030307	0.16666666666666666	121	9	0.9
0.006666666666666667	0.16666666666666666	2	9	0.0
0.006666666666666667	0.16666666666666666	4	9	0.0
0.006666666666666667	0.16666666666666666	8	9	0.0
0.006666666666666667	0.16666666666666666	16	9	0.0
0.006666666666666667	0.16666666666666666	32	9	0.3
0.006666666666666667	0.16666666666666666	64	9	0.4
0.006666666666666667	0.16666666666666666	128	9	0.7
0.006666666666666667	0.16666666666666666	256	9	1.0
0.006666666666666667	0.16666666666666666	192	9	0.9
0.006666666666666667	0.16666666666666666	160	9	0.9
0.006666666666666667	0.16666666666666666	144	9	1.0
0.006666666666666667	0.16666666666666666	136	9	0.9
0.006666666666666667	0.16666666666666666	132	9	1.0
0.006666666666666667	0.16666666666666666	130	9	0.8
0.006666666666666667	0.16666666666666666	131	9	0.9
0.0033333333333333327	0.16666666666666666	2	9	0.0
0.0033333333333333327	0.16666666666666666	4	9	0.0
0.0033333333333333327	0.16666666666666666	8	9	0.1
0.0033333333333333327	0.16666666666666666	16	9	0.1
0.0033333333333333327	0.16666666666666666	32	9	0.3
0.0033333333333333327	0.16666666666666666	64	9	0.6
0.0033333333333333327	0.16666666666666666	128	9	0.9
0.0033333333333333327	0.16666666666666666	96	9	0.9
0.0033333333333333327	0.16666666666666666	80	9	0.6
0.0033333333333333327	0.16666666666666666	88	9	0.8
0.0033333333333333327	0.16666666666666666	92	9	0.6
0.0033333333333333327	0.16666666666666666	94	9	0.8
0.0033333333333333327	0.16666666666666666	95	9	0.9
1.0	0.25	2	9	0.0
1.0	0.25	4	9	0.0
1.0	0.25	8	9	0.0
1.0	0.25	16	9	0.0
1.0	0.25	32	9	0.0
1.0	0.25	64	9	0.0
1.0	0.25	128	9	0.2
1.0	0.25	256	9	0.3
1.0	0.25	512	9	0.7
1.0	0.25	1024	9	1.0
1.0	0.25	768	9	1.0
1.0	0.25	640	9	0.7
1.0	0.25	704	9	0.9
1.0	0.25	672	9	0.8
1.0	0.25	688	9	1.0
1.0	0.25	680	9	0.9
1.0	0.25	676	9	1.0
1.0	0.25	674	9	0.7
1.0	0.25	675	9	0.9
0.5	0.25	2	9	0.0
0.5	0.25	4	9	0.0
0.5	0.25	8	9	0.0
0.5	0.25	16	9	0.0
0.5	0.25	32	9	0.0
0.5	0.25	64	9	0.1
0.5	0.25	128	9	0.5
0.5	0.25	256	9	0.8
0.5	0.25	512	9	1.0
0.5	0.25	384	9	1.0
0.5	0.25	320	9	1.0
0.5	0.25	288	9	1.0
0.5	0.25	272	9	0.8
0.5	0.25	280	9	0.9
0.5	0.25	276	9	1.0
0.5	0.25	274	9	1.0
0.5	0.25	273	9	0.8
0.2	0.25	2	9	0.0
0.2	0.25	4	9	0.0
0.2	0.25	8	9	0.0
0.2	0.25	16	9	0.0
0.2	0.25	32	9	0.2
0.2	0.25	64	9	0.3
0.2	0.25	128	9	0.9
0.2	0.25	96	9	0.7
0.2	0.25	112	9	0.9
0.2	0.25	104	9	0.5
0.2	0.25	108	9	0.9
0.2	0.25	106	9	0.5
0.2	0.25	107	9	0.9
0.1111111111111111	0.25	2	9	0.0
0.1111111111111111	0.25	4	9	0.0
0.1111111111111111	0.25	8	9	0.0
0.1111111111111111	0.25	16	9	0.1
0.1111111111111111	0.25	32	9	0.2
0.1111111111111111	0.25	64	9	0.5
0.1111111111111111	0.25	128	9	1.0
0.1111111111111111	0.25	96	9	0.7
0.1111111111111111	0.25	112	9	0.7
0.1111111111111111	0.25	120	9	0.9
0.1111111111111111	0.25	116	9	0.7
0.1111111111111111	0.25	118	9	0.8
0.1111111111111111	0.25	119	9	0.9
0.07692307692307693	0.25	2	9	0.0
0.07692307692307693	0.25	4	9	0.1
0.07692307692307693	0.25	8	9	0.0
0.07692307692307693	0.25	16	9	0.2
0.07692307692307693	0.25	32	9	0.2
0.07692307692307693	0.25	64	9	0.6
0.07692307692307693	0.25	128	9	0.9
0.07692307692307693	0.25	96	9	0.9
0.07692307692307693	0.25	80	9	0.8
0.07692307692307693	0.25	88	9	0.7
0.07692307692307693	0.25	92	9	0.8
0.07692307692307693	0.25	94	9	0.8
0.07692307692307693	0.25	95	9	0.9
0.05882352941176471	0.25	2	9	0.0
0.05882352941176471	0.25	4	9	0.1
0.05882352941176471	0.25	8	9	0.1
0.05882352941176471	0.25	16	9	0.1
0.05882352941176471	0.25	32	9	0.3
0.05882352941176471	0.25	64	9	0.9
0.05882352941176471	0.25	48	9	0.4
0.05882352941176471	0.25	56	9	0.6
0.05882352941176471	0.25	60	9	0.6
0.05882352941176471	0.25	62	9	0.6
0.05882352941176471	0.25	63	9	0.4
0.047619047619047616	0.25	2	9	0.0
0.047619047619047616	0.25	4	9	0.0
0.047619047619047616	0.25	8	9	0.1
0.047619047619047616	0.25	16	9	0.3
0.047619047619047616	0.25	32	9	0.3
0.047619047619047616	0.25	64	9	0.8
0.047619047619047616	0.25	128	9	0.7
0.047619047619047616	0.25	256	9	1.0
0.047619047619047616	0.25	192	9	1.0
0.047619047619047616	0.25	160	9	0.8
0.047619047619047616	0.25	176	9	1.0
0.047619047619047616	0.25	168	9	1.0
0.047619047619047616	0.25	164	9	0.9
0.047619047619047616	0.25	162	9	0.9
0.047619047619047616	0.25	161	9	1.0
0.04	0.25	2	9	0.0
0.04	0.25	4	9	0.0
0.04	0.25	8	9	0.0
0.04	0.25	16	9	0.2
0.04	0.25	32	9	0.2
0.04	0.25	64	9	0.6
0.04	0.25	128	9	1.0
0.04	0.25	96	9	0.9
0.04	0.25	80	9	0.9
0.04	0.25	72	9	0.9
0.04	0.25	68	9	0.7
0.04	0.25	70	9	0.4
0.04	0.25	71	9	0.7
0.03448275862068965	0.25	2	9	0.0
0.03448275862068965	0.25	4	9	0.0
0.03448275862068965	0.25	8	9	0.1
0.03448275862068965	0.25	16	9	0.0
0.03448275862068965	0.25	32	9	0.2
0.03448275862068965	0.25	64	9	0.6
0.03448275862068965	0.25	128	9	0.9
0.03448275862068965	0.25	96	9	1.0
0.03448275862068965	0.25	80	9	0.7
0.03448275862068965	0.25	88	9	0.8
0.03448275862068965	0.25	92	9	1.0
0.03448275862068965	0.25	90	9	1.0
0.03448275862068965	0.25	89	9	1.0
0.030303030303030307	0.25	2	9	0.0
0.030303030303030307	0.25	4	9	0.0
0.030303030303030307	0.25	8	9	0.0
0.030303030303030307	0.25	16	9	0.1
0.030303030303030307	0.25	32	9	0.3
0.030303030303030307	0.25	64	9	0.8
0.030303030303030307	0.25	128	9	0.8
0.030303030303030307	0.25	256	9	1.0
0.030303030303030307	0.25	192	9	1.0
0.030303030303030307	0.25	160	9	1.0
0.030303030303030307	0.25	144	9	0.9
0.030303030303030307	0.25	136	9	0.9
0.030303030303030307	0.25	132	9	1.0
0.030303030303030307	0.25	130	9	1.0
0.030303030303030307	0.25	129	9	0.9
0.006666666666666667	0.25	2	9	0.0
0.006666666666666667	0.25	4	9	0.0
0.006666666666666667	0.25	8	9	0.0
0.006666666666666667	0.25	16	9	0.1
0.006666666666666667	0.25	32	9	0.3
0.006666666666666667	0.25	64	9	0.8
0.006666666666666667	0.25	128	9	1.0
0.006666666666666667	0.25	96	9	0.9
0.006666666666666667	0.25	80	9	0.9
0.006666666666666667	0.25	72	9	0.8
0.006666666666666667	0.25	76	9	0.9
0.006666666666666667	0.25	74	9	0.7
0.006666666666666667	0.25	75	9	0.9
0.0033333333333333327	0.25	2	9	0.0
0.0033333333333333327	0.25	4	9	0.1
0.0033333333333333327	0.25	8	9	0.1
0.0033333333333333327	0.25	16	9	0.2
0.0033333333333333327	0.25	32	9	0.2
0.0033333333333333327	0.25	64	9	0.8
0.0033333333333333327	0.25	128	9	0.9
0.0033333333333333327	0.25	96	9	1.0
0.0033333333333333327	0.25	80	9	0.7
0.0033333333333333327	0.25	88	9	0.8
0.0033333333333333327	0.25	92	9	0.9
0.0033333333333333327	0.25	90	9	0.9
0.0033333333333333327	0.25	89	9	0.9
1.0	0.5	2	9	0.0
1.0	0.5	4	9	0.0
1.0	0.5	8	9	0.0
1.0	0.5	16	9	0.0
1.0	0.5	32	9	0.0
1.0	0.5	64	9	0.0
1.0	0.5	128	9	0.1
1.0	0.5	256	9	0.5
1.0	0.5	512	9	1.0
1.0	0.5	384	9	0.7
1.0	0.5	448	9	0.6
1.0	0.5	480	9	0.9
1.0	0.5	464	9	0.7
1.0	0.5	472	9	0.4
1.0	0.5	476	9	0.8
1.0	0.5	478	9	0.4
1.0	0.5	479	9	0.6
0.5	0.5	2	9	0.0
0.5	0.5	4	9	0.0
0.5	0.5	8	9	0.0
0.5	0.5	16	9	0.0
0.5	0.5	32	9	0.0
0.5	0.5	64	9	0.3
0.5	0.5	128	9	0.8
0.5	0.5	256	9	1.0
0.5	0.5	192	9	0.8
0.5	0.5	224	9	0.9
0.5	0.5	208	9	0.9
0.5	0.5	200	9	0.7
0.5	0.5	204	9	0.9
0.5	0.5	202	9	0.9
0.5	0.5	201	9	0.9
0.2	0.5	2	9	0.0
0.2	0.5	4	9	0.0
0.2	0.5	8	9	0.0
0.2	0.5	16	9	0.0
0.2	0.5	32	9	0.1
0.2	0.5	64	9	0.7
0.2	0.5	128	9	0.9
0.2	0.5	96	9	0.9
0.2	0.5	80	9	0.9
0.2	0.5	72	9	0.7
0.2	0.5	76	9	1.0
0.2	0.5	74	9	1.0
0.2	0.5	73	9	0.8
0.1111111111111111	0.5	2	9	0.0
0.1111111111111111	0.5	4	9	0.0
0.1111111111111111	0.5	8	9	0.0
0.1111111111111111	0.5	16	9	0.1
0.1111111111111111	0.5	32	9	0.4
0.1111111111111111	0.5	64	9	0.8
0.1111111111111111	0.5	128	9	1.0
0.1111111111111111	0.5	96	9	1.0
0.1111111111111111	0.5	80	9	0.9
0.1111111111111111	0.5	72	9	0.8
0.1111111111111111	0.5	76	9	0.8
0.1111111111111111	0.5	78	9	0.9
0.1111111111111111	0.5	77	9	0.7
0.07692307692307693	0.5	2	9	0.0
0.07692307692307693	0.5	4	9	0.0
0.07692307692307693	0.5	8	9	0.0
0.07692307692307693	0.5	16	9	0.1
0.07692307692307693	0.5	32	9	0.6
0.07692307692307693	0.5	64	9	0.9
0.07692307692307693	0.5	48	9	0.8
0.07692307692307693	0.5	56	9	0.8
0.07692307692307693	0.5	60	9	0.8
0.07692307692307693	0.5	62	9	0.7
0.07692307692307693	0.5	63	9	1.0
0.05882352941176471	0.5	2	9	0.0
0.05882352941176471	0.5	4	9	0.1
0.05882352941176471	0.5	8	9	0.0
0.05882352941176471	0.5	16	9	0.1
0.05882352941176471	0.5	32	9	0.7
0.05882352941176471	0.5	64	9	1.0
0.05882352941176471	0.5	48	9	0.9
0.05882352941176471	0.5	40	9	0.5
0.05882352941176471	0.5	44	9	0.7
0.05882352941176471	0.5	46	9	0.9
0.05882352941176471	0.5	45	9	0.8
0.047619047619047616	0.5	2	9	0.0
0.047619047619047616	0.5	4	9	0.0
0.047619047619047616	0.5	8	9	0.0
0.047619047619047616	0.5	16	9	0.1
0.047619047619047616	0.5	32	9	0.8
0.047619047619047616	0.5	64	9	0.7
0.047619047619047616	0.5	128	9	1.0
0.047619047619047616	0.5	96	9	1.0
0.047619047619047616	0.5	80	9	1.0
0.047619047619047616	0.5	72	9	0.9
0.047619047619047616	0.5	68	9	1.0
0.047619047619047616	0.5	66	9	1.0
0.047619047619047616	0.5	65	9	1.0
0.04	0.5	2	9	0.0
0.04	0.5	4	9	0.1
0.04	0.5	8	9	0.1
0.04	0.5	16	9	0.2
0.04	0.5	32	9	0.5
0.04	0.5	64	9	1.0
0.04	0.5	48	9	0.8
0.04	0.5	56	9	1.0
0.04	0.5	52	9	0.9
0.04	0.5	50	9	0.9
0.04	0.5	49	9	0.8
0.03448275862068965	0.5	2	9	0.0
0.03448275862068965	0.5	4	9	0.0
0.03448275862068965	0.5	8	9	0.1
0.03448275862068965	0.5	16	9	0.3
0.03448275862068965	0.5	32	9	0.8
0.03448275862068965	0.5	64	9	1.0
0.03448275862068965	0.5	48	9	0.7
0.03448275862068965	0.5	56	9	0.8
0.03448275862068965	0.5	60	9	1.0
0.03448275862068965	0.5	58	9	1.0
0.03448275862068965	0.5	57	9	1.0
0.030303030303030307	0.5	2	9	0.0
0.030303030303030307	0.5	4	9	0.0
0.030303030303030307	0.5	8	9	0.1
0.030303030303030307	0.5	16	9	0.1
0.030303030303030307	0.5	32	9	0.7
0.030303030303030307	0.5	64	9	1.0
0.030303030303030307	0.5	48	9	1.0
0.030303030303030307	0.5	40	9	0.8
0.030303030303030307	0.5	44	9	0.7
0.030303030303030307	0.5	46	9	0.8
0.030303030303030307	0.5	47	9	0.7
0.006666666666666667	0.5	2	9	0.0
0.006666666666666667	0.5	4	9	0.0
0.006666666666666667	0.5	8	9	0.1
0.006666666666666667	0.5	16	9	0.4
0.006666666666666667	0.5	32	9	0.6
0.006666666666666667	0.5	64	9	1.0
0.006666666666666667	0.5	48	9	1.0
0.006666666666666667	0.5	40	9	0.8
0.006666666666666667	0.5	44	9	0.9
0.006666666666666667	0.5	42	9	0.8
0.006666666666666667	0.5	43	9	0.9
0.0033333333333333327	0.5	2	9	0.0
0.0033333333333333327	0.5	4	9	0.0
0.0033333333333333327	0.5	8	9	0.2
0.0033333333333333327	0.5	16	9	0.3
0.0033333333333333327	0.5	32	9	0.8
0.0033333333333333327	0.5	64	9	1.0
0.0033333333333333327	0.5	48	9	0.9
0.0033333333333333327	0.5	40	9	0.8
0.0033333333333333327	0.5	44	9	0.9
0.0033333333333333327	0.5	42	9	0.9
0.0033333333333333327	0.5	41	9	0.9
1.0	1.0	2	9	0.0
1.0	1.0	4	9	0.0
1.0	1.0	8	9	0.0
1.0	1.0	16	9	0.0
1.0	1.0	32	9	0.0
1.0	1.0	64	9	0.0
1.0	1.0	128	9	0.0
1.0	1.0	256	9	0.0
1.0	1.0	512	9	0.6
1.0	1.0	1024	9	0.9
1.0	1.0	768	9	0.8
1.0	1.0	896	9	0.5
1.0	1.0	960	9	0.6
1.0	1.0	992	9	0.8
1.0	1.0	1008	9	0.6
1.0	1.0	1016	9	0.7
1.0	1.0	1020	9	0.6
1.0	1.0	1022	9	0.7
1.0	1.0	1023	9	0.8
0.5	1.0	2	9	0.0
0.5	1.0	4	9	0.0
0.5	1.0	8	9	0.0
0.5	1.0	16	9	0.0
0.5	1.0	32	9	0.0
0.5	1.0	64	9	0.4
0.5	1.0	128	9	0.6
0.5	1.0	256	9	0.9
0.5	1.0	192	9	0.8
0.5	1.0	224	9	1.0
0.5	1.0	208	9	1.0
0.5	1.0	200	9	1.0
0.5	1.0	196	9	1.0
0.5	1.0	194	9	1.0
0.5	1.0	193	9	0.8
0.2	1.0	2	9	0.1
0.2	1.0	4	9	0.0
0.2	1.0	8	9	0.0
0.2	1.0	16	9	0.0
0.2	1.0	32	9	0.5
0.2	1.0	64	9	0.9
0.2	1.0	48	9	1.0
0.2	1.0	40	9	0.6
0.2	1.0	44	9	0.8
0.2	1.0	46	9	0.5
0.2	1.0	47	9	0.9
0.1111111111111111	1.0	2	9	0.0
0.1111111111111111	1.0	4	9	0.0
0.1111111111111111	1.0	8	9	0.0
0.1111111111111111	1.0	16	9	0.3
0.1111111111111111	1.0	32	9	0.7
0.1111111111111111	1.0	64	9	0.9
0.1111111111111111	1.0	48	9	0.8
0.1111111111111111	1.0	56	9	0.9
0.1111111111111111	1.0	52	9	0.9
0.1111111111111111	1.0	50	9	1.0
0.1111111111111111	1.0	49	9	0.9
0.07692307692307693	1.0	2	9	0.0
0.07692307692307693	1.0	4	9	0.0
0.07692307692307693	1.0	8	9	0.1
0.07692307692307693	1.0	16	9	0.5
0.07692307692307693	1.0	32	9	1.0
0.07692307692307693	1.0	24	9	0.6
0.07692307692307693	1.0	28	9	0.7
0.07692307692307693	1.0	30	9	0.7
0.07692307692307693	1.0	31	9	0.8
0.05882352941176471	1.0	2	9	0.0
0.05882352941176471	1.0	4	9	0.0
0.05882352941176471	1.0	8	9	0.0
0.05882352941176471	1.0	16	9	0.2
0.05882352941176471	1.0	32	9	0.8
0.05882352941176471	1.0	64	9	1.0
0.05882352941176471	1.0	48	9	0.8
0.05882352941176471	1.0	56	9	1.0
0.05882352941176471	1.0	52	9	0.9
0.05882352941176471	1.0	50	9	0.9
0.05882352941176471	1.0	49	9	0.9
0.047619047619047616	1.0	2	9	0.1
0.047619047619047616	1.0	4	9	0.1
0.047619047619047616	1.0	8	9	0.0
0.047619047619047616	1.0	16	9	0.4
0.047619047619047616	1.0	32	9	0.6
0.047619047619047616	1.0	64	9	1.0
0.047619047619047616	1.0	48	9	0.9
0.047619047619047616	1.0	40	9	0.9
0.047619047619047616	1.0	36	9	1.0
0.047619047619047616	1.0	34	9	0.9
0.047619047619047616	1.0	33	9	1.0
0.04	1.0	2	9	0.1
0.04	1.0	4	9	0.1
0.04	1.0	8	9	0.1
0.04	1.0	16	9	0.7
0.04	1.0	32	9	0.9
0.04	1.0	24	9	0.7
0.04	1.0	28	9	0.5
0.04	1.0	30	9	0.9
0.04	1.0	29	9	0.8
0.03448275862068965	1.0	2	9	0.0
0.03448275862068965	1.0	4	9	0.1
0.03448275862068965	1.0	8	9	0.1
0.03448275862068965	1.0	16	9	0.5
0.03448275862068965	1.0	32	9	0.9
0.03448275862068965	1.0	24	9	0.7
0.03448275862068965	1.0	28	9	0.8
0.03448275862068965	1.0	30	9	0.8
0.03448275862068965	1.0	31	9	0.9
0.030303030303030307	1.0	2	9	0.1
0.030303030303030307	1.0	4	9	0.1
0.030303030303030307	1.0	8	9	0.0
0.030303030303030307	1.0	16	9	0.7
0.030303030303030307	1.0	32	9	0.9
0.030303030303030307	1.0	24	9	0.9
0.030303030303030307	1.0	20	9	0.8
0.030303030303030307	1.0	22	9	0.7
0.030303030303030307	1.0	23	9	0.5
0.006666666666666667	1.0	2	9	0.0
0.006666666666666667	1.0	4	9	0.2
0.006666666666666667	1.0	8	9	0.4
0.006666666666666667	1.0	16	9	0.6
0.006666666666666667	1.0	32	9	1.0
0.006666666666666667	1.0	24	9	0.9
0.006666666666666667	1.0	20	9	0.9
0.006666666666666667	1.0	18	9	0.6
0.006666666666666667	1.0	19	9	0.6
0.0033333333333333327	1.0	2	9	0.0
0.0033333333333333327	1.0	4	9	0.1
0.0033333333333333327	1.0	8	9	0.3
0.0033333333333333327	1.0	16	9	0.8
0.0033333333333333327	1.0	32	9	1.0
0.0033333333333333327	1.0	24	9	0.7
0.0033333333333333327	1.0	28	9	0.9
0.0033333333333333327	1.0	26	9	1.0
0.0033333333333333327	1.0	25	9	0.8
1.0	2.0	2	9	0.0
1.0	2.0	4	9	0.0
1.0	2.0	8	9	0.0
1.0	2.0	16	9	0.0
1.0	2.0	32	9	0.0
1.0	2.0	64	9	0.0
1.0	2.0	128	9	0.0
1.0	2.0	256	9	0.0
1.0	2.0	512	9	0.0
1.0	2.0	1024	9	0.0
1.0	2.0	2048	9	0.5
1.0	2.0	4096	9	0.6
0.5	2.0	2	9	0.1
0.5	2.0	4	9	0.0
0.5	2.0	8	9	0.0
0.5	2.0	16	9	0.0
0.5	2.0	32	9	0.1
0.5	2.0	64	9	0.7
0.5	2.0	128	9	0.8
0.5	2.0	256	9	1.0
0.5	2.0	192	9	1.0
0.5	2.0	160	9	0.7
0.5	2.0	176	9	1.0
0.5	2.0	168	9	1.0
0.5	2.0	164	9	1.0
0.5	2.0	162	9	0.9
0.5	2.0	161	9	1.0
0.2	2.0	2	9	0.0
0.2	2.0	4	9	0.1
0.2	2.0	8	9	0.1
0.2	2.0	16	9	0.4
0.2	2.0	32	9	0.9
0.2	2.0	24	9	0.6
0.2	2.0	28	9	0.7
0.2	2.0	30	9	0.6
0.2	2.0	31	9	0.8
0.1111111111111111	2.0	2	9	0.0
0.1111111111111111	2.0	4	9	0.0
0.1111111111111111	2.0	8	9	0.2
0.1111111111111111	2.0	16	9	0.5
0.1111111111111111	2.0	32	9	0.8
0.1111111111111111	2.0	64	9	1.0
0.1111111111111111	2.0	48	9	1.0
0.1111111111111111	2.0	40	9	1.0
0.1111111111111111	2.0	36	9	1.0
0.1111111111111111	2.0	34	9	0.8
0.1111111111111111	2.0	35	9	0.9
0.07692307692307693	2.0	2	9	0.0
0.07692307692307693	2.0	4	9	0.0
0.07692307692307693	2.0	8	9	0.4
0.07692307692307693	2.0	16	9	0.8
0.07692307692307693	2.0	32	9	1.0
0.07692307692307693	2.0	24	9	1.0
0.07692307692307693	2.0	20	9	0.7
0.07692307692307693	2.0	22	9	0.7
0.07692307692307693	2.0	23	9	1.0
0.05882352941176471	2.0	2	9	0.2
0.05882352941176471	2.0	4	9	0.2
0.05882352941176471	2.0	8	9	0.5
0.05882352941176471	2.0	16	9	0.7
0.05882352941176471	2.0	32	9	1.0
0.05882352941176471	2.0	24	9	0.9
0.05882352941176471	2.0	20	9	0.8
0.05882352941176471	2.0	22	9	1.0
0.05882352941176471	2.0	21	9	0.8
0.047619047619047616	2.0	2	9	0.0
0.047619047619047616	2.0	4	9	0.1
0.047619047619047616	2.0	8	9	0.5
0.047619047619047616	2.0	16	9	0.8
0.047619047619047616	2.0	32	9	1.0
0.047619047619047616	2.0	24	9	0.6
0.047619047619047616	2.0	28	9	0.9
0.047619047619047616	2.0	26	9	1.0
0.047619047619047616	2.0	25	9	1.0
0.04	2.0	2	9	0.3
0.04	2.0	4	9	0.4
0.04	2.0	8	9	0.4
0.04	2.0	16	9	0.7
0.04	2.0	32	9	0.9
0.04	2.0	24	9	1.0
0.04	2.0	20	9	1.0
0.04	2.0	18	9	0.9
0.04	2.0	17	9	1.0
0.03448275862068965	2.0	2	9	0.1
0.03448275862068965	2.0	4	9	0.1
0.03448275862068965	2.0	8	9	0.7
0.03448275862068965	2.0	16	9	0.5
0.03448275862068965	2.0	32	9	1.0
0.03448275862068965	2.0	24	9	0.9
0.03448275862068965	2.0	20	9	0.9
0.03448275862068965	2.0	18	9	0.9
0.03448275862068965	2.0	17	9	0.7
0.030303030303030307	2.0	2	9	0.1
0.030303030303030307	2.0	4	9	0.3
0.030303030303030307	2.0	8	9	0.8
0.030303030303030307	2.0	16	9	0.9
0.030303030303030307	2.0	12	9	0.6
0.030303030303030307	2.0	14	9	0.8
0.030303030303030307	2.0	15	9	0.8
0.006666666666666667	2.0	2	9	0.4
0.006666666666666667	2.0	4	9	0.3
0.006666666666666667	2.0	8	9	0.7
0.006666666666666667	2.0	16	9	0.8
0.006666666666666667	2.0	32	9	1.0
0.006666666666666667	2.0	24	9	1.0
0.006666666666666667	2.0	20	9	1.0
0.006666666666666667	2.0	18	9	0.8
0.006666666666666667	2.0	19	9	0.9
0.0033333333333333327	2.0	2	9	0.1
0.0033333333333333327	2.0	4	9	0.4
0.0033333333333333327	2.0	8	9	0.6
0.0033333333333333327	2.0	16	9	0.8
0.0033333333333333327	2.0	32	9	1.0
0.0033333333333333327	2.0	24	9	1.0
0.0033333333333333327	2.0	20	9	0.9
0.0033333333333333327	2.0	18	9	0.9
0.0033333333333333327	2.0	17	9	0.8
1.0	5.0	2	9	0.0
1.0	5.0	4	9	0.0
1.0	5.0	8	9	0.0
1.0	5.0	16	9	0.0
1.0	5.0	32	9	0.0
1.0	5.0	64	9	0.0
1.0	5.0	128	9	0.0
1.0	5.0	256	9	0.0
1.0	5.0	512	9	0.0
1.0	5.0	1024	9	0.0
1.0	5.0	2048	9	0.0
1.0	5.0	4096	9	0.0
0.5	5.0	2	9	0.2
0.5	5.0	4	9	0.1
0.5	5.0	8	9	0.3
0.5	5.0	16	9	0.2
0.5	5.0	32	9	1.0
0.5	5.0	24	9	0.8
0.5	5.0	28	9	1.0
0.5	5.0	26	9	0.3
0.5	5.0	27	9	0.8
0.2	5.0	2	9	0.5
0.2	5.0	4	9	0.4
0.2	5.0	8	9	0.7
0.2	5.0	16	9	0.7
0.2	5.0	32	9	1.0
0.2	5.0	24	9	1.0
0.2	5.0	20	9	0.8
0.2	5.0	22	9	0.9
0.2	5.0	21	9	0.9
0.1111111111111111	5.0	2	9	0.1
0.1111111111111111	5.0	4	9	0.7
0.1111111111111111	5.0	8	9	0.5
0.1111111111111111	5.0	16	9	0.9
0.1111111111111111	5.0	12	9	0.9
0.1111111111111111	5.0	10	9	0.9
0.1111111111111111	5.0	9	9	0.9
0.07692307692307693	5.0	2	9	0.2
0.07692307692307693	5.0	4	9	0.4
0.07692307692307693	5.0	8	9	0.9
0.07692307692307693	5.0	6	9	0.6
0.07692307692307693	5.0	7	9	0.8
0.05882352941176471	5.0	2	9	0.2
0.05882352941176471	5.0	4	9	0.6
0.05882352941176471	5.0	8	9	0.7
0.05882352941176471	5.0	16	9	1.0
0.05882352941176471	5.0	12	9	0.9
0.05882352941176471	5.0	10	9	0.9
0.05882352941176471	5.0	9	9	0.7
0.047619047619047616	5.0	2	9	0.4
0.047619047619047616	5.0	4	9	0.5
0.047619047619047616	5.0	8	9	0.7
0.047619047619047616	5.0	16	9	1.0
0.047619047619047616	5.0	12	9	1.0
0.047619047619047616	5.0	10	9	0.9
0.047619047619047616	5.0	9	9	1.0
0.04	5.0	2	9	0.4
0.04	5.0	4	9	0.6
0.04	5.0	8	9	0.8
0.04	5.0	16	9	0.9
0.04	5.0	12	9	0.8
0.04	5.0	14	9	0.9
0.04	5.0	13	9	1.0
0.03448275862068965	5.0	2	9	0.2
0.03448275862068965	5.0	4	9	0.4
0.03448275862068965	5.0	8	9	0.8
0.03448275862068965	5.0	16	9	0.9
0.03448275862068965	5.0	12	9	1.0
0.03448275862068965	5.0	10	9	0.9
0.03448275862068965	5.0	9	9	0.7
0.030303030303030307	5.0	2	9	0.2
0.030303030303030307	5.0	4	9	0.4
0.030303030303030307	5.0	8	9	0.8
0.030303030303030307	5.0	16	9	1.0
0.030303030303030307	5.0	12	9	0.8
0.030303030303030307	5.0	14	9	1.0
0.030303030303030307	5.0	13	9	1.0
0.006666666666666667	5.0	2	9	0.0
0.006666666666666667	5.0	4	9	0.8
0.006666666666666667	5.0	8	9	0.9
0.006666666666666667	5.0	6	9	0.5
0.006666666666666667	5.0	7	9	0.9
0.0033333333333333327	5.0	2	9	0.4
0.0033333333333333327	5.0	4	9	0.6
0.0033333333333333327	5.0	8	9	1.0
0.0033333333333333327	5.0	6	9	0.6
0.0033333333333333327	5.0	7	9	0.8
