1.0	0.08333333333333333	2	9	0.0
1.0	0.08333333333333333	4	9	0.0
1.0	0.08333333333333333	8	9	0.0
1.0	0.08333333333333333	16	9	0.0
1.0	0.08333333333333333	32	9	0.0
1.0	0.08333333333333333	64	9	0.0
1.0	0.08333333333333333	128	9	0.0
1.0	0.08333333333333333	256	9	0.0
1.0	0.08333333333333333	512	9	0.0
1.0	0.08333333333333333	1024	9	0.7
1.0	0.08333333333333333	2048	9	1.0
1.0	0.08333333333333333	1536	9	1.0
1.0	0.08333333333333333	1280	9	0.8
1.0	0.08333333333333333	1408	9	0.8
1.0	0.08333333333333333	1472	9	1.0
1.0	0.08333333333333333	1440	9	0.7
1.0	0.08333333333333333	1456	9	1.0
1.0	0.08333333333333333	1448	9	1.0
1.0	0.08333333333333333	1444	9	1.0
1.0	0.08333333333333333	1442	9	1.0
1.0	0.08333333333333333	1441	9	0.8
0.5	0.08333333333333333	2	9	0.0
0.5	0.08333333333333333	4	9	0.0
0.5	0.08333333333333333	8	9	0.0
0.5	0.08333333333333333	16	9	0.0
0.5	0.08333333333333333	32	9	0.0
0.5	0.08333333333333333	64	9	0.0
0.5	0.08333333333333333	128	9	0.0
0.5	0.08333333333333333	256	9	0.0
0.5	0.08333333333333333	512	9	0.1
0.5	0.08333333333333333	1024	9	0.7
0.5	0.08333333333333333	2048	9	1.0
0.5	0.08333333333333333	1536	9	1.0
0.5	0.08333333333333333	1280	9	1.0
0.5	0.08333333333333333	1152	9	0.8
0.5	0.08333333333333333	1216	9	1.0
0.5	0.08333333333333333	1184	9	1.0
0.5	0.08333333333333333	1168	9	0.9
0.5	0.08333333333333333	1160	9	0.9
0.5	0.08333333333333333	1156	9	0.9
0.5	0.08333333333333333	1154	9	0.9
0.5	0.08333333333333333	1153	9	1.0
0.2	0.08333333333333333	2	9	0.0
0.2	0.08333333333333333	4	9	0.0
0.2	0.08333333333333333	8	9	0.0
0.2	0.08333333333333333	16	9	0.0
0.2	0.08333333333333333	32	9	0.0
0.2	0.08333333333333333	64	9	0.0
0.2	0.08333333333333333	128	9	0.0
0.2	0.08333333333333333	256	9	0.0
0.2	0.08333333333333333	512	9	0.1
0.2	0.08333333333333333	1024	9	1.0
0.2	0.08333333333333333	768	9	0.6
0.2	0.08333333333333333	896	9	0.8
0.2	0.08333333333333333	960	9	0.9
0.2	0.08333333333333333	928	9	1.0
0.2	0.08333333333333333	912	9	0.9
0.2	0.08333333333333333	904	9	0.9
0.2	0.08333333333333333	900	9	0.9
0.2	0.08333333333333333	898	9	1.0
0.2	0.08333333333333333	897	9	1.0
0.1111111111111111	0.08333333333333333	2	9	0.0
0.1111111111111111	0.08333333333333333	4	9	0.0
0.1111111111111111	0.08333333333333333	8	9	0.0
0.1111111111111111	0.08333333333333333	16	9	0.0
0.1111111111111111	0.08333333333333333	32	9	0.0
0.1111111111111111	0.08333333333333333	64	9	0.0
0.1111111111111111	0.08333333333333333	128	9	0.0
0.1111111111111111	0.08333333333333333	256	9	0.0
0.1111111111111111	0.08333333333333333	512	9	0.0
0.1111111111111111	0.08333333333333333	1024	9	1.0
0.1111111111111111	0.08333333333333333	768	9	0.9
0.1111111111111111	0.08333333333333333	640	9	0.4
0.1111111111111111	0.08333333333333333	704	9	0.6
0.1111111111111111	0.08333333333333333	736	9	0.7
0.1111111111111111	0.08333333333333333	752	9	0.8
0.1111111111111111	0.08333333333333333	760	9	0.7
0.1111111111111111	0.08333333333333333	764	9	0.9
0.1111111111111111	0.08333333333333333	762	9	0.6
0.1111111111111111	0.08333333333333333	763	9	0.7
0.07692307692307693	0.08333333333333333	2	9	0.0
0.07692307692307693	0.08333333333333333	4	9	0.0
0.07692307692307693	0.08333333333333333	8	9	0.0
0.07692307692307693	0.08333333333333333	16	9	0.0
0.07692307692307693	0.08333333333333333	32	9	0.0
0.07692307692307693	0.08333333333333333	64	9	0.0
0.07692307692307693	0.08333333333333333	128	9	0.0
0.07692307692307693	0.08333333333333333	256	9	0.0
0.07692307692307693	0.08333333333333333	512	9	0.1
0.07692307692307693	0.08333333333333333	1024	9	1.0
0.07692307692307693	0.08333333333333333	768	9	0.8
0.07692307692307693	0.08333333333333333	896	9	0.8
0.07692307692307693	0.08333333333333333	960	9	1.0
0.07692307692307693	0.08333333333333333	928	9	1.0
0.07692307692307693	0.08333333333333333	912	9	0.8
0.07692307692307693	0.08333333333333333	920	9	1.0
0.07692307692307693	0.08333333333333333	916	9	0.9
0.07692307692307693	0.08333333333333333	914	9	1.0
0.07692307692307693	0.08333333333333333	913	9	1.0
0.05882352941176471	0.08333333333333333	2	9	0.0
0.05882352941176471	0.08333333333333333	4	9	0.0
0.05882352941176471	0.08333333333333333	8	9	0.0
0.05882352941176471	0.08333333333333333	16	9	0.0
0.05882352941176471	0.08333333333333333	32	9	0.0
0.05882352941176471	0.08333333333333333	64	9	0.0
0.05882352941176471	0.08333333333333333	128	9	0.0
0.05882352941176471	0.08333333333333333	256	9	0.0
0.05882352941176471	0.08333333333333333	512	9	0.2
0.05882352941176471	0.08333333333333333	1024	9	1.0
0.05882352941176471	0.08333333333333333	768	9	0.6
0.05882352941176471	0.08333333333333333	896	9	0.9
0.05882352941176471	0.08333333333333333	832	9	1.0
0.05882352941176471	0.08333333333333333	800	9	0.8
0.05882352941176471	0.08333333333333333	816	9	0.8
0.05882352941176471	0.08333333333333333	824	9	1.0
0.05882352941176471	0.08333333333333333	820	9	0.9
0.05882352941176471	0.08333333333333333	818	9	1.0
0.05882352941176471	0.08333333333333333	817	9	0.7
0.047619047619047616	0.08333333333333333	2	9	0.0
0.047619047619047616	0.08333333333333333	4	9	0.0
0.047619047619047616	0.08333333333333333	8	9	0.0
0.047619047619047616	0.08333333333333333	16	9	0.0
0.047619047619047616	0.08333333333333333	32	9	0.0
0.047619047619047616	0.08333333333333333	64	9	0.0
0.047619047619047616	0.08333333333333333	128	9	0.0
0.047619047619047616	0.08333333333333333	256	9	0.0
0.047619047619047616	0.08333333333333333	512	9	0.3
0.047619047619047616	0.08333333333333333	1024	9	1.0
0.047619047619047616	0.08333333333333333	768	9	0.6
0.047619047619047616	0.08333333333333333	896	9	1.0
0.047619047619047616	0.08333333333333333	832	9	1.0
0.047619047619047616	0.08333333333333333	800	9	1.0
0.047619047619047616	0.08333333333333333	784	9	0.7
0.047619047619047616	0.08333333333333333	792	9	0.8
0.047619047619047616	0.08333333333333333	796	9	1.0
0.047619047619047616	0.08333333333333333	794	9	0.9
0.047619047619047616	0.08333333333333333	793	9	0.6
0.04	0.08333333333333333	2	9	0.0
0.04	0.08333333333333333	4	9	0.0
0.04	0.08333333333333333	8	9	0.0
0.04	0.08333333333333333	16	9	0.0
0.04	0.08333333333333333	32	9	0.0
0.04	0.08333333333333333	64	9	0.0
0.04	0.08333333333333333	128	9	0.0
0.04	0.08333333333333333	256	9	0.0
0.04	0.08333333333333333	512	9	0.0
0.04	0.08333333333333333	1024	9	1.0
0.04	0.08333333333333333	768	9	1.0
0.04	0.08333333333333333	640	9	0.4
0.04	0.08333333333333333	704	9	0.7
0.04	0.08333333333333333	736	9	0.6
0.04	0.08333333333333333	752	9	0.7
0.04	0.08333333333333333	760	9	0.5
0.04	0.08333333333333333	764	9	0.8
0.04	0.08333333333333333	766	9	0.8
0.04	0.08333333333333333	767	9	0.6
0.03448275862068965	0.08333333333333333	2	9	0.0
0.03448275862068965	0.08333333333333333	4	9	0.0
0.03448275862068965	0.08333333333333333	8	9	0.0
0.03448275862068965	0.08333333333333333	16	9	0.0
0.03448275862068965	0.08333333333333333	32	9	0.0
0.03448275862068965	0.08333333333333333	64	9	0.0
0.03448275862068965	0.08333333333333333	128	9	0.0
0.03448275862068965	0.08333333333333333	256	9	0.0
0.03448275862068965	0.08333333333333333	512	9	0.1
0.03448275862068965	0.08333333333333333	1024	9	0.7
0.03448275862068965	0.08333333333333333	2048	9	1.0
0.03448275862068965	0.08333333333333333	1536	9	1.0
0.03448275862068965	0.08333333333333333	1280	9	1.0
0.03448275862068965	0.08333333333333333	1152	9	1.0
0.03448275862068965	0.08333333333333333	1088	9	1.0
0.03448275862068965	0.08333333333333333	1056	9	1.0
0.03448275862068965	0.08333333333333333	1040	9	1.0
0.03448275862068965	0.08333333333333333	1032	9	1.0
0.03448275862068965	0.08333333333333333	1028	9	1.0
0.03448275862068965	0.08333333333333333	1026	9	1.0
0.03448275862068965	0.08333333333333333	1025	9	0.9
0.030303030303030307	0.08333333333333333	2	9	0.0
0.030303030303030307	0.08333333333333333	4	9	0.0
0.030303030303030307	0.08333333333333333	8	9	0.0
0.030303030303030307	0.08333333333333333	16	9	0.0
0.030303030303030307	0.08333333333333333	32	9	0.0
0.030303030303030307	0.08333333333333333	64	9	0.0
0.030303030303030307	0.08333333333333333	128	9	0.0
0.030303030303030307	0.08333333333333333	256	9	0.0
0.030303030303030307	0.08333333333333333	512	9	0.4
0.030303030303030307	0.08333333333333333	1024	9	1.0
0.030303030303030307	0.08333333333333333	768	9	0.9
0.030303030303030307	0.08333333333333333	640	9	0.6
0.030303030303030307	0.08333333333333333	704	9	0.6
0.030303030303030307	0.08333333333333333	736	9	0.8
0.030303030303030307	0.08333333333333333	752	9	0.9
0.030303030303030307	0.08333333333333333	744	9	0.8
0.030303030303030307	0.08333333333333333	748	9	0.9
0.030303030303030307	0.08333333333333333	746	9	0.8
0.030303030303030307	0.08333333333333333	747	9	0.7
0.006666666666666667	0.08333333333333333	2	9	0.0
0.006666666666666667	0.08333333333333333	4	9	0.0
0.006666666666666667	0.08333333333333333	8	9	0.0
0.006666666666666667	0.08333333333333333	16	9	0.0
0.006666666666666667	0.08333333333333333	32	9	0.0
0.006666666666666667	0.08333333333333333	64	9	0.0
0.006666666666666667	0.08333333333333333	128	9	0.0
0.006666666666666667	0.08333333333333333	256	9	0.0
0.006666666666666667	0.08333333333333333	512	9	0.1
0.006666666666666667	0.08333333333333333	1024	9	0.9
0.006666666666666667	0.08333333333333333	768	9	1.0
0.006666666666666667	0.08333333333333333	640	9	0.6
0.006666666666666667	0.08333333333333333	704	9	0.8
0.006666666666666667	0.08333333333333333	736	9	0.9
0.006666666666666667	0.08333333333333333	720	9	1.0
0.006666666666666667	0.08333333333333333	712	9	0.8
0.006666666666666667	0.08333333333333333	716	9	0.9
0.006666666666666667	0.08333333333333333	714	9	0.8
0.006666666666666667	0.08333333333333333	715	9	0.7
0.0033333333333333327	0.08333333333333333	2	9	0.0
0.0033333333333333327	0.08333333333333333	4	9	0.0
0.0033333333333333327	0.08333333333333333	8	9	0.0
0.0033333333333333327	0.08333333333333333	16	9	0.0
0.0033333333333333327	0.08333333333333333	32	9	0.0
0.0033333333333333327	0.08333333333333333	64	9	0.0
0.0033333333333333327	0.08333333333333333	128	9	0.0
0.0033333333333333327	0.08333333333333333	256	9	0.0
0.0033333333333333327	0.08333333333333333	512	9	0.3
0.0033333333333333327	0.08333333333333333	1024	9	1.0
0.0033333333333333327	0.08333333333333333	768	9	0.8
0.0033333333333333327	0.08333333333333333	896	9	1.0
0.0033333333333333327	0.08333333333333333	832	9	0.8
0.0033333333333333327	0.08333333333333333	864	9	1.0
0.0033333333333333327	0.08333333333333333	848	9	1.0
0.0033333333333333327	0.08333333333333333	840	9	0.9
0.0033333333333333327	0.08333333333333333	836	9	0.9
0.0033333333333333327	0.08333333333333333	834	9	0.9
0.0033333333333333327	0.08333333333333333	833	9	0.8
1.0	0.1	2	9	0.0
1.0	0.1	4	9	0.0
1.0	0.1	8	9	0.0
1.0	0.1	16	9	0.0
1.0	0.1	32	9	0.0
1.0	0.1	64	9	0.0
1.0	0.1	128	9	0.0
1.0	0.1	256	9	0.0
1.0	0.1	512	9	0.0
1.0	0.1	1024	9	0.9
1.0	0.1	768	9	0.4
1.0	0.1	896	9	0.5
1.0	0.1	960	9	0.4
1.0	0.1	992	9	0.8
1.0	0.1	1008	9	0.8
1.0	0.1	1016	9	0.9
1.0	0.1	1012	9	0.8
1.0	0.1	1014	9	0.8
1.0	0.1	1015	9	0.9
0.5	0.1	2	9	0.0
0.5	0.1	4	9	0.0
0.5	0.1	8	9	0.0
0.5	0.1	16	9	0.0
0.5	0.1	32	9	0.0
0.5	0.1	64	9	0.0
0.5	0.1	128	9	0.0
0.5	0.1	256	9	0.0
0.5	0.1	512	9	0.0
0.5	0.1	1024	9	1.0
0.5	0.1	768	9	0.6
0.5	0.1	896	9	0.9
0.5	0.1	832	9	0.9
0.5	0.1	800	9	0.6
0.5	0.1	816	9	0.9
0.5	0.1	808	9	0.9
0.5	0.1	804	9	0.6
0.5	0.1	806	9	0.9
0.5	0.1	805	9	0.8
0.2	0.1	2	9	0.0
0.2	0.1	4	9	0.0
0.2	0.1	8	9	0.0
0.2	0.1	16	9	0.0
0.2	0.1	32	9	0.0
0.2	0.1	64	9	0.0
0.2	0.1	128	9	0.0
0.2	0.1	256	9	0.0
0.2	0.1	512	9	0.5
0.2	0.1	1024	9	1.0
0.2	0.1	768	9	0.9
0.2	0.1	640	9	0.8
0.2	0.1	704	9	0.9
0.2	0.1	672	9	0.5
0.2	0.1	688	9	0.7
0.2	0.1	696	9	1.0
0.2	0.1	692	9	0.5
0.2	0.1	694	9	0.4
0.2	0.1	695	9	0.8
0.1111111111111111	0.1	2	9	0.0
0.1111111111111111	0.1	4	9	0.0
0.1111111111111111	0.1	8	9	0.0
0.1111111111111111	0.1	16	9	0.0
0.1111111111111111	0.1	32	9	0.0
0.1111111111111111	0.1	64	9	0.0
0.1111111111111111	0.1	128	9	0.0
0.1111111111111111	0.1	256	9	0.0
0.1111111111111111	0.1	512	9	0.6
0.1111111111111111	0.1	1024	9	1.0
0.1111111111111111	0.1	768	9	0.9
0.1111111111111111	0.1	640	9	0.7
0.1111111111111111	0.1	704	9	0.8
0.1111111111111111	0.1	736	9	0.7
0.1111111111111111	0.1	752	9	0.9
0.1111111111111111	0.1	744	9	0.9
0.1111111111111111	0.1	740	9	1.0
0.1111111111111111	0.1	738	9	1.0
0.1111111111111111	0.1	737	9	0.6
0.07692307692307693	0.1	2	9	0.0
0.07692307692307693	0.1	4	9	0.0
0.07692307692307693	0.1	8	9	0.0
0.07692307692307693	0.1	16	9	0.0
0.07692307692307693	0.1	32	9	0.0
0.07692307692307693	0.1	64	9	0.0
0.07692307692307693	0.1	128	9	0.0
0.07692307692307693	0.1	256	9	0.0
0.07692307692307693	0.1	512	9	0.5
0.07692307692307693	0.1	1024	9	1.0
0.07692307692307693	0.1	768	9	0.9
0.07692307692307693	0.1	640	9	0.8
0.07692307692307693	0.1	704	9	0.6
0.07692307692307693	0.1	736	9	0.9
0.07692307692307693	0.1	720	9	0.8
0.07692307692307693	0.1	728	9	0.9
0.07692307692307693	0.1	724	9	0.9
0.07692307692307693	0.1	722	9	1.0
0.07692307692307693	0.1	721	9	0.9
0.05882352941176471	0.1	2	9	0.0
0.05882352941176471	0.1	4	9	0.0
0.05882352941176471	0.1	8	9	0.0
0.05882352941176471	0.1	16	9	0.0
0.05882352941176471	0.1	32	9	0.0
0.05882352941176471	0.1	64	9	0.0
0.05882352941176471	0.1	128	9	0.0
0.05882352941176471	0.1	256	9	0.0
0.05882352941176471	0.1	512	9	0.3
0.05882352941176471	0.1	1024	9	1.0
0.05882352941176471	0.1	768	9	0.9
0.05882352941176471	0.1	640	9	0.7
0.05882352941176471	0.1	704	9	0.9
0.05882352941176471	0.1	672	9	0.8
0.05882352941176471	0.1	688	9	0.9
0.05882352941176471	0.1	680	9	0.8
0.05882352941176471	0.1	684	9	0.9
0.05882352941176471	0.1	682	9	0.8
0.05882352941176471	0.1	683	9	1.0
0.047619047619047616	0.1	2	9	0.0
0.047619047619047616	0.1	4	9	0.0
0.047619047619047616	0.1	8	9	0.0
0.047619047619047616	0.1	16	9	0.0
0.047619047619047616	0.1	32	9	0.0
0.047619047619047616	0.1	64	9	0.0
0.047619047619047616	0.1	128	9	0.0
0.047619047619047616	0.1	256	9	0.0
0.047619047619047616	0.1	512	9	0.4
0.047619047619047616	0.1	1024	9	1.0
0.047619047619047616	0.1	768	9	0.9
0.047619047619047616	0.1	640	9	0.8
0.047619047619047616	0.1	704	9	0.7
0.047619047619047616	0.1	736	9	0.6
0.047619047619047616	0.1	752	9	1.0
0.047619047619047616	0.1	744	9	1.0
0.047619047619047616	0.1	740	9	1.0
0.047619047619047616	0.1	738	9	0.9
0.047619047619047616	0.1	737	9	0.8
0.04	0.1	2	9	0.0
0.04	0.1	4	9	0.0
0.04	0.1	8	9	0.0
0.04	0.1	16	9	0.0
0.04	0.1	32	9	0.0
0.04	0.1	64	9	0.0
0.04	0.1	128	9	0.0
0.04	0.1	256	9	0.0
0.04	0.1	512	9	0.4
0.04	0.1	1024	9	1.0
0.04	0.1	768	9	0.8
0.04	0.1	896	9	1.0
0.04	0.1	832	9	1.0
0.04	0.1	800	9	0.9
0.04	0.1	784	9	0.9
0.04	0.1	776	9	1.0
0.04	0.1	772	9	1.0
0.04	0.1	770	9	1.0
0.04	0.1	769	9	0.9
0.03448275862068965	0.1	2	9	0.0
0.03448275862068965	0.1	4	9	0.0
0.03448275862068965	0.1	8	9	0.0
0.03448275862068965	0.1	16	9	0.0
0.03448275862068965	0.1	32	9	0.0
0.03448275862068965	0.1	64	9	0.0
0.03448275862068965	0.1	128	9	0.0
0.03448275862068965	0.1	256	9	0.0
0.03448275862068965	0.1	512	9	0.3
0.03448275862068965	0.1	1024	9	1.0
0.03448275862068965	0.1	768	9	1.0
0.03448275862068965	0.1	640	9	0.9
0.03448275862068965	0.1	576	9	0.8
0.03448275862068965	0.1	608	9	0.6
0.03448275862068965	0.1	624	9	0.6
0.03448275862068965	0.1	632	9	0.7
0.03448275862068965	0.1	636	9	0.8
0.03448275862068965	0.1	638	9	0.6
0.03448275862068965	0.1	639	9	0.9
0.030303030303030307	0.1	2	9	0.0
0.030303030303030307	0.1	4	9	0.0
0.030303030303030307	0.1	8	9	0.0
0.030303030303030307	0.1	16	9	0.0
0.030303030303030307	0.1	32	9	0.0
0.030303030303030307	0.1	64	9	0.0
0.030303030303030307	0.1	128	9	0.0
0.030303030303030307	0.1	256	9	0.0
0.030303030303030307	0.1	512	9	0.3
0.030303030303030307	0.1	1024	9	1.0
0.030303030303030307	0.1	768	9	1.0
0.030303030303030307	0.1	640	9	0.8
0.030303030303030307	0.1	704	9	0.8
0.030303030303030307	0.1	736	9	0.8
0.030303030303030307	0.1	752	9	0.9
0.030303030303030307	0.1	744	9	0.9
0.030303030303030307	0.1	740	9	0.9
0.030303030303030307	0.1	738	9	0.9
0.030303030303030307	0.1	737	9	0.8
0.006666666666666667	0.1	2	9	0.0
0.006666666666666667	0.1	4	9	0.0
0.006666666666666667	0.1	8	9	0.0
0.006666666666666667	0.1	16	9	0.0
0.006666666666666667	0.1	32	9	0.0
0.006666666666666667	0.1	64	9	0.0
0.006666666666666667	0.1	128	9	0.0
0.006666666666666667	0.1	256	9	0.0
0.006666666666666667	0.1	512	9	0.7
0.006666666666666667	0.1	1024	9	1.0
0.006666666666666667	0.1	768	9	1.0
0.006666666666666667	0.1	640	9	0.8
0.006666666666666667	0.1	704	9	0.6
0.006666666666666667	0.1	736	9	1.0
0.006666666666666667	0.1	720	9	0.9
0.006666666666666667	0.1	712	9	1.0
0.006666666666666667	0.1	708	9	1.0
0.006666666666666667	0.1	706	9	1.0
0.006666666666666667	0.1	705	9	0.9
0.0033333333333333327	0.1	2	9	0.0
0.0033333333333333327	0.1	4	9	0.0
0.0033333333333333327	0.1	8	9	0.0
0.0033333333333333327	0.1	16	9	0.0
0.0033333333333333327	0.1	32	9	0.0
0.0033333333333333327	0.1	64	9	0.0
0.0033333333333333327	0.1	128	9	0.0
0.0033333333333333327	0.1	256	9	0.0
0.0033333333333333327	0.1	512	9	0.4
0.0033333333333333327	0.1	1024	9	1.0
0.0033333333333333327	0.1	768	9	1.0
0.0033333333333333327	0.1	640	9	0.6
0.0033333333333333327	0.1	704	9	1.0
0.0033333333333333327	0.1	672	9	0.9
0.0033333333333333327	0.1	656	9	0.8
0.0033333333333333327	0.1	664	9	0.9
0.0033333333333333327	0.1	660	9	0.8
0.0033333333333333327	0.1	662	9	1.0
0.0033333333333333327	0.1	661	9	1.0
1.0	0.125	2	9	0.0
1.0	0.125	4	9	0.0
1.0	0.125	8	9	0.0
1.0	0.125	16	9	0.0
1.0	0.125	32	9	0.0
1.0	0.125	64	9	0.0
1.0	0.125	128	9	0.0
1.0	0.125	256	9	0.0
1.0	0.125	512	9	0.0
1.0	0.125	1024	9	1.0
1.0	0.125	768	9	0.5
1.0	0.125	896	9	0.6
1.0	0.125	960	9	0.9
1.0	0.125	928	9	0.9
1.0	0.125	912	9	0.8
1.0	0.125	920	9	0.6
1.0	0.125	924	9	0.9
1.0	0.125	922	9	0.9
1.0	0.125	921	9	0.4
0.5	0.125	2	9	0.0
0.5	0.125	4	9	0.0
0.5	0.125	8	9	0.0
0.5	0.125	16	9	0.0
0.5	0.125	32	9	0.0
0.5	0.125	64	9	0.0
0.5	0.125	128	9	0.0
0.5	0.125	256	9	0.0
0.5	0.125	512	9	0.2
0.5	0.125	1024	9	0.9
0.5	0.125	768	9	0.6
0.5	0.125	896	9	0.8
0.5	0.125	960	9	1.0
0.5	0.125	928	9	0.9
0.5	0.125	912	9	0.8
0.5	0.125	920	9	1.0
0.5	0.125	916	9	0.8
0.5	0.125	918	9	1.0
0.5	0.125	917	9	1.0
0.2	0.125	2	9	0.0
0.2	0.125	4	9	0.0
0.2	0.125	8	9	0.0
0.2	0.125	16	9	0.0
0.2	0.125	32	9	0.0
0.2	0.125	64	9	0.0
0.2	0.125	128	9	0.0
0.2	0.125	256	9	0.0
0.2	0.125	512	9	0.7
0.2	0.125	1024	9	1.0
0.2	0.125	768	9	1.0
0.2	0.125	640	9	0.9
0.2	0.125	576	9	0.6
0.2	0.125	608	9	1.0
0.2	0.125	592	9	1.0
0.2	0.125	584	9	0.8
0.2	0.125	588	9	0.6
0.2	0.125	590	9	1.0
0.2	0.125	589	9	0.8
0.1111111111111111	0.125	2	9	0.0
0.1111111111111111	0.125	4	9	0.0
0.1111111111111111	0.125	8	9	0.0
0.1111111111111111	0.125	16	9	0.0
0.1111111111111111	0.125	32	9	0.0
0.1111111111111111	0.125	64	9	0.0
0.1111111111111111	0.125	128	9	0.0
0.1111111111111111	0.125	256	9	0.0
0.1111111111111111	0.125	512	9	0.6
0.1111111111111111	0.125	1024	9	1.0
0.1111111111111111	0.125	768	9	1.0
0.1111111111111111	0.125	640	9	0.7
0.1111111111111111	0.125	704	9	0.9
0.1111111111111111	0.125	672	9	1.0
0.1111111111111111	0.125	656	9	0.8
0.1111111111111111	0.125	664	9	0.9
0.1111111111111111	0.125	660	9	0.9
0.1111111111111111	0.125	658	9	0.8
0.1111111111111111	0.125	659	9	0.9
0.07692307692307693	0.125	2	9	0.0
0.07692307692307693	0.125	4	9	0.0
0.07692307692307693	0.125	8	9	0.0
0.07692307692307693	0.125	16	9	0.0
0.07692307692307693	0.125	32	9	0.0
0.07692307692307693	0.125	64	9	0.0
0.07692307692307693	0.125	128	9	0.0
0.07692307692307693	0.125	256	9	0.0
0.07692307692307693	0.125	512	9	0.5
0.07692307692307693	0.125	1024	9	1.0
0.07692307692307693	0.125	768	9	1.0
0.07692307692307693	0.125	640	9	0.9
0.07692307692307693	0.125	576	9	0.7
0.07692307692307693	0.125	608	9	0.8
0.07692307692307693	0.125	624	9	0.8
0.07692307692307693	0.125	632	9	1.0
0.07692307692307693	0.125	628	9	0.9
0.07692307692307693	0.125	626	9	0.9
0.07692307692307693	0.125	625	9	1.0
0.05882352941176471	0.125	2	9	0.0
0.05882352941176471	0.125	4	9	0.0
0.05882352941176471	0.125	8	9	0.0
0.05882352941176471	0.125	16	9	0.0
0.05882352941176471	0.125	32	9	0.0
0.05882352941176471	0.125	64	9	0.0
0.05882352941176471	0.125	128	9	0.0
0.05882352941176471	0.125	256	9	0.0
0.05882352941176471	0.125	512	9	0.7
0.05882352941176471	0.125	1024	9	1.0
0.05882352941176471	0.125	768	9	1.0
0.05882352941176471	0.125	640	9	0.9
0.05882352941176471	0.125	576	9	1.0
0.05882352941176471	0.125	544	9	0.6
0.05882352941176471	0.125	560	9	0.9
0.05882352941176471	0.125	552	9	1.0
0.05882352941176471	0.125	548	9	0.8
0.05882352941176471	0.125	550	9	1.0
0.05882352941176471	0.125	549	9	0.7
0.047619047619047616	0.125	2	9	0.0
0.047619047619047616	0.125	4	9	0.0
0.047619047619047616	0.125	8	9	0.0
0.047619047619047616	0.125	16	9	0.0
0.047619047619047616	0.125	32	9	0.0
0.047619047619047616	0.125	64	9	0.0
0.047619047619047616	0.125	128	9	0.0
0.047619047619047616	0.125	256	9	0.0
0.047619047619047616	0.125	512	9	0.6
0.047619047619047616	0.125	1024	9	1.0
0.047619047619047616	0.125	768	9	0.9
0.047619047619047616	0.125	640	9	0.8
0.047619047619047616	0.125	704	9	1.0
0.047619047619047616	0.125	672	9	0.9
0.047619047619047616	0.125	656	9	0.9
0.047619047619047616	0.125	648	9	1.0
0.047619047619047616	0.125	644	9	1.0
0.047619047619047616	0.125	642	9	0.9
0.047619047619047616	0.125	641	9	1.0
0.04	0.125	2	9	0.0
0.04	0.125	4	9	0.0
0.04	0.125	8	9	0.0
0.04	0.125	16	9	0.0
0.04	0.125	32	9	0.0
0.04	0.125	64	9	0.0
0.04	0.125	128	9	0.0
0.04	0.125	256	9	0.0
0.04	0.125	512	9	0.8
0.04	0.125	1024	9	1.0
0.04	0.125	768	9	1.0
0.04	0.125	640	9	0.9
0.04	0.125	576	9	0.9
0.04	0.125	544	9	0.8
0.04	0.125	560	9	0.8
0.04	0.125	568	9	0.8
0.04	0.125	572	9	0.9
0.04	0.125	570	9	0.9
0.04	0.125	569	9	0.9
0.03448275862068965	0.125	2	9	0.0
0.03448275862068965	0.125	4	9	0.0
0.03448275862068965	0.125	8	9	0.0
0.03448275862068965	0.125	16	9	0.0
0.03448275862068965	0.125	32	9	0.0
0.03448275862068965	0.125	64	9	0.0
0.03448275862068965	0.125	128	9	0.0
0.03448275862068965	0.125	256	9	0.0
0.03448275862068965	0.125	512	9	0.9
0.03448275862068965	0.125	384	9	0.2
0.03448275862068965	0.125	448	9	0.3
0.03448275862068965	0.125	480	9	0.7
0.03448275862068965	0.125	496	9	0.6
0.03448275862068965	0.125	504	9	0.5
0.03448275862068965	0.125	508	9	0.7
0.03448275862068965	0.125	510	9	0.6
0.03448275862068965	0.125	511	9	0.8
0.030303030303030307	0.125	2	9	0.0
0.030303030303030307	0.125	4	9	0.0
0.030303030303030307	0.125	8	9	0.0
0.030303030303030307	0.125	16	9	0.0
0.030303030303030307	0.125	32	9	0.0
0.030303030303030307	0.125	64	9	0.0
0.030303030303030307	0.125	128	9	0.0
0.030303030303030307	0.125	256	9	0.0
0.030303030303030307	0.125	512	9	0.7
0.030303030303030307	0.125	1024	9	1.0
0.030303030303030307	0.125	768	9	1.0
0.030303030303030307	0.125	640	9	0.8
0.030303030303030307	0.125	704	9	1.0
0.030303030303030307	0.125	672	9	0.9
0.030303030303030307	0.125	656	9	0.8
0.030303030303030307	0.125	664	9	0.9
0.030303030303030307	0.125	660	9	0.8
0.030303030303030307	0.125	662	9	1.0
0.030303030303030307	0.125	661	9	0.9
0.006666666666666667	0.125	2	9	0.0
0.006666666666666667	0.125	4	9	0.0
0.006666666666666667	0.125	8	9	0.0
0.006666666666666667	0.125	16	9	0.0
0.006666666666666667	0.125	32	9	0.0
0.006666666666666667	0.125	64	9	0.0
0.006666666666666667	0.125	128	9	0.0
0.006666666666666667	0.125	256	9	0.0
0.006666666666666667	0.125	512	9	0.8
0.006666666666666667	0.125	1024	9	1.0
0.006666666666666667	0.125	768	9	1.0
0.006666666666666667	0.125	640	9	0.9
0.006666666666666667	0.125	576	9	0.9
0.006666666666666667	0.125	544	9	0.9
0.006666666666666667	0.125	528	9	0.9
0.006666666666666667	0.125	520	9	0.8
0.006666666666666667	0.125	524	9	0.8
0.006666666666666667	0.125	526	9	0.8
0.006666666666666667	0.125	527	9	0.9
0.0033333333333333327	0.125	2	9	0.0
0.0033333333333333327	0.125	4	9	0.0
0.0033333333333333327	0.125	8	9	0.0
0.0033333333333333327	0.125	16	9	0.0
0.0033333333333333327	0.125	32	9	0.0
0.0033333333333333327	0.125	64	9	0.0
0.0033333333333333327	0.125	128	9	0.0
0.0033333333333333327	0.125	256	9	0.0
0.0033333333333333327	0.125	512	9	0.9
0.0033333333333333327	0.125	384	9	0.4
0.0033333333333333327	0.125	448	9	0.8
0.0033333333333333327	0.125	480	9	0.7
0.0033333333333333327	0.125	496	9	0.7
0.0033333333333333327	0.125	504	9	0.7
0.0033333333333333327	0.125	508	9	1.0
0.0033333333333333327	0.125	506	9	0.5
0.0033333333333333327	0.125	507	9	0.9
1.0	0.16666666666666666	2	9	0.0
1.0	0.16666666666666666	4	9	0.0
1.0	0.16666666666666666	8	9	0.0
1.0	0.16666666666666666	16	9	0.0
1.0	0.16666666666666666	32	9	0.0
1.0	0.16666666666666666	64	9	0.0
1.0	0.16666666666666666	128	9	0.0
1.0	0.16666666666666666	256	9	0.0
1.0	0.16666666666666666	512	9	0.2
1.0	0.16666666666666666	1024	9	0.9
1.0	0.16666666666666666	768	9	0.6
1.0	0.16666666666666666	896	9	0.9
1.0	0.16666666666666666	832	9	0.6
1.0	0.16666666666666666	864	9	0.6
1.0	0.16666666666666666	880	9	1.0
1.0	0.16666666666666666	872	9	0.6
1.0	0.16666666666666666	876	9	0.9
1.0	0.16666666666666666	874	9	0.5
1.0	0.16666666666666666	875	9	0.8
0.5	0.16666666666666666	2	9	0.0
0.5	0.16666666666666666	4	9	0.0
0.5	0.16666666666666666	8	9	0.0
0.5	0.16666666666666666	16	9	0.0
0.5	0.16666666666666666	32	9	0.0
0.5	0.16666666666666666	64	9	0.0
0.5	0.16666666666666666	128	9	0.0
0.5	0.16666666666666666	256	9	0.0
0.5	0.16666666666666666	512	9	0.7
0.5	0.16666666666666666	1024	9	1.0
0.5	0.16666666666666666	768	9	1.0
0.5	0.16666666666666666	640	9	0.8
0.5	0.16666666666666666	704	9	0.9
0.5	0.16666666666666666	672	9	1.0
0.5	0.16666666666666666	656	9	1.0
0.5	0.16666666666666666	648	9	0.9
0.5	0.16666666666666666	644	9	0.8
0.5	0.16666666666666666	646	9	0.8
0.5	0.16666666666666666	647	9	0.7
0.2	0.16666666666666666	2	9	0.0
0.2	0.16666666666666666	4	9	0.0
0.2	0.16666666666666666	8	9	0.0
0.2	0.16666666666666666	16	9	0.0
0.2	0.16666666666666666	32	9	0.0
0.2	0.16666666666666666	64	9	0.0
0.2	0.16666666666666666	128	9	0.0
0.2	0.16666666666666666	256	9	0.0
0.2	0.16666666666666666	512	9	0.7
0.2	0.16666666666666666	1024	9	1.0
0.2	0.16666666666666666	768	9	1.0
0.2	0.16666666666666666	640	9	1.0
0.2	0.16666666666666666	576	9	1.0
0.2	0.16666666666666666	544	9	0.8
0.2	0.16666666666666666	560	9	0.8
0.2	0.16666666666666666	568	9	1.0
0.2	0.16666666666666666	564	9	0.8
0.2	0.16666666666666666	566	9	1.0
0.2	0.16666666666666666	565	9	0.9
0.1111111111111111	0.16666666666666666	2	9	0.0
0.1111111111111111	0.16666666666666666	4	9	0.0
0.1111111111111111	0.16666666666666666	8	9	0.0
0.1111111111111111	0.16666666666666666	16	9	0.0
0.1111111111111111	0.16666666666666666	32	9	0.0
0.1111111111111111	0.16666666666666666	64	9	0.0
0.1111111111111111	0.16666666666666666	128	9	0.0
0.1111111111111111	0.16666666666666666	256	9	0.0
0.1111111111111111	0.16666666666666666	512	9	0.8
0.1111111111111111	0.16666666666666666	1024	9	1.0
0.1111111111111111	0.16666666666666666	768	9	1.0
0.1111111111111111	0.16666666666666666	640	9	1.0
0.1111111111111111	0.16666666666666666	576	9	1.0
0.1111111111111111	0.16666666666666666	544	9	1.0
0.1111111111111111	0.16666666666666666	528	9	1.0
0.1111111111111111	0.16666666666666666	520	9	0.9
0.1111111111111111	0.16666666666666666	516	9	0.8
0.1111111111111111	0.16666666666666666	518	9	0.9
0.1111111111111111	0.16666666666666666	517	9	1.0
0.07692307692307693	0.16666666666666666	2	9	0.0
0.07692307692307693	0.16666666666666666	4	9	0.0
0.07692307692307693	0.16666666666666666	8	9	0.0
0.07692307692307693	0.16666666666666666	16	9	0.0
0.07692307692307693	0.16666666666666666	32	9	0.0
0.07692307692307693	0.16666666666666666	64	9	0.0
0.07692307692307693	0.16666666666666666	128	9	0.0
0.07692307692307693	0.16666666666666666	256	9	0.0
0.07692307692307693	0.16666666666666666	512	9	1.0
0.07692307692307693	0.16666666666666666	384	9	0.5
0.07692307692307693	0.16666666666666666	448	9	0.9
0.07692307692307693	0.16666666666666666	416	9	0.9
0.07692307692307693	0.16666666666666666	400	9	0.6
0.07692307692307693	0.16666666666666666	408	9	0.6
0.07692307692307693	0.16666666666666666	412	9	0.7
0.07692307692307693	0.16666666666666666	414	9	0.9
0.07692307692307693	0.16666666666666666	413	9	0.8
0.05882352941176471	0.16666666666666666	2	9	0.0
0.05882352941176471	0.16666666666666666	4	9	0.0
0.05882352941176471	0.16666666666666666	8	9	0.0
0.05882352941176471	0.16666666666666666	16	9	0.0
0.05882352941176471	0.16666666666666666	32	9	0.0
0.05882352941176471	0.16666666666666666	64	9	0.0
0.05882352941176471	0.16666666666666666	128	9	0.0
0.05882352941176471	0.16666666666666666	256	9	0.1
0.05882352941176471	0.16666666666666666	512	9	1.0
0.05882352941176471	0.16666666666666666	384	9	0.7
0.05882352941176471	0.16666666666666666	448	9	0.8
0.05882352941176471	0.16666666666666666	480	9	1.0
0.05882352941176471	0.16666666666666666	464	9	0.9
0.05882352941176471	0.16666666666666666	456	9	0.8
0.05882352941176471	0.16666666666666666	460	9	0.9
0.05882352941176471	0.16666666666666666	458	9	0.8
0.05882352941176471	0.16666666666666666	459	9	0.8
0.047619047619047616	0.16666666666666666	2	9	0.0
0.047619047619047616	0.16666666666666666	4	9	0.0
0.047619047619047616	0.16666666666666666	8	9	0.0
0.047619047619047616	0.16666666666666666	16	9	0.0
0.047619047619047616	0.16666666666666666	32	9	0.0
0.047619047619047616	0.16666666666666666	64	9	0.0
0.047619047619047616	0.16666666666666666	128	9	0.0
0.047619047619047616	0.16666666666666666	256	9	0.0
0.047619047619047616	0.16666666666666666	512	9	1.0
0.047619047619047616	0.16666666666666666	384	9	0.7
0.047619047619047616	0.16666666666666666	448	9	0.8
0.047619047619047616	0.16666666666666666	480	9	1.0
0.047619047619047616	0.16666666666666666	464	9	1.0
0.047619047619047616	0.16666666666666666	456	9	0.9
0.047619047619047616	0.16666666666666666	452	9	1.0
0.047619047619047616	0.16666666666666666	450	9	0.7
0.047619047619047616	0.16666666666666666	451	9	0.8
0.04	0.16666666666666666	2	9	0.0
0.04	0.16666666666666666	4	9	0.0
0.04	0.16666666666666666	8	9	0.0
0.04	0.16666666666666666	16	9	0.0
0.04	0.16666666666666666	32	9	0.0
0.04	0.16666666666666666	64	9	0.0
0.04	0.16666666666666666	128	9	0.0
0.04	0.16666666666666666	256	9	0.1
0.04	0.16666666666666666	512	9	0.9
0.04	0.16666666666666666	384	9	0.4
0.04	0.16666666666666666	448	9	0.8
0.04	0.16666666666666666	480	9	0.8
0.04	0.16666666666666666	496	9	1.0
0.04	0.16666666666666666	488	9	1.0
0.04	0.16666666666666666	484	9	0.9
0.04	0.16666666666666666	482	9	0.9
0.04	0.16666666666666666	481	9	1.0
0.03448275862068965	0.16666666666666666	2	9	0.0
0.03448275862068965	0.16666666666666666	4	9	0.0
0.03448275862068965	0.16666666666666666	8	9	0.0
0.03448275862068965	0.16666666666666666	16	9	0.0
0.03448275862068965	0.16666666666666666	32	9	0.0
0.03448275862068965	0.16666666666666666	64	9	0.0
0.03448275862068965	0.16666666666666666	128	9	0.0
0.03448275862068965	0.16666666666666666	256	9	0.0
0.03448275862068965	0.16666666666666666	512	9	1.0
0.03448275862068965	0.16666666666666666	384	9	0.7
0.03448275862068965	0.16666666666666666	448	9	1.0
0.03448275862068965	0.16666666666666666	416	9	0.8
0.03448275862068965	0.16666666666666666	432	9	0.7
0.03448275862068965	0.16666666666666666	440	9	0.9
0.03448275862068965	0.16666666666666666	436	9	0.7
0.03448275862068965	0.16666666666666666	438	9	1.0
0.03448275862068965	0.16666666666666666	437	9	0.7
0.030303030303030307	0.16666666666666666	2	9	0.0
0.030303030303030307	0.16666666666666666	4	9	0.0
0.030303030303030307	0.16666666666666666	8	9	0.0
0.030303030303030307	0.16666666666666666	16	9	0.0
0.030303030303030307	0.16666666666666666	32	9	0.0
0.030303030303030307	0.16666666666666666	64	9	0.0
0.030303030303030307	0.16666666666666666	128	9	0.0
0.030303030303030307	0.16666666666666666	256	9	0.2
0.030303030303030307	0.16666666666666666	512	9	0.9
0.030303030303030307	0.16666666666666666	384	9	0.7
0.030303030303030307	0.16666666666666666	448	9	0.8
0.030303030303030307	0.16666666666666666	480	9	1.0
0.030303030303030307	0.16666666666666666	464	9	0.7
0.030303030303030307	0.16666666666666666	472	9	0.8
0.030303030303030307	0.16666666666666666	476	9	0.8
0.030303030303030307	0.16666666666666666	478	9	0.8
0.030303030303030307	0.16666666666666666	479	9	1.0
0.006666666666666667	0.16666666666666666	2	9	0.0
0.006666666666666667	0.16666666666666666	4	9	0.0
0.006666666666666667	0.16666666666666666	8	9	0.0
0.006666666666666667	0.16666666666666666	16	9	0.0
0.006666666666666667	0.16666666666666666	32	9	0.0
0.006666666666666667	0.16666666666666666	64	9	0.0
0.006666666666666667	0.16666666666666666	128	9	0.0
0.006666666666666667	0.16666666666666666	256	9	0.1
0.006666666666666667	0.16666666666666666	512	9	1.0
0.006666666666666667	0.16666666666666666	384	9	0.8
0.006666666666666667	0.16666666666666666	448	9	1.0
0.006666666666666667	0.16666666666666666	416	9	0.8
0.006666666666666667	0.16666666666666666	432	9	0.8
0.006666666666666667	0.16666666666666666	440	9	0.9
0.006666666666666667	0.16666666666666666	436	9	0.6
0.006666666666666667	0.16666666666666666	438	9	0.9
0.006666666666666667	0.16666666666666666	437	9	1.0
0.0033333333333333327	0.16666666666666666	2	9	0.0
0.0033333333333333327	0.16666666666666666	4	9	0.0
0.0033333333333333327	0.16666666666666666	8	9	0.0
0.0033333333333333327	0.16666666666666666	16	9	0.0
0.0033333333333333327	0.16666666666666666	32	9	0.0
0.0033333333333333327	0.16666666666666666	64	9	0.0
0.0033333333333333327	0.16666666666666666	128	9	0.0
0.0033333333333333327	0.16666666666666666	256	9	0.0
0.0033333333333333327	0.16666666666666666	512	9	1.0
0.0033333333333333327	0.16666666666666666	384	9	0.7
0.0033333333333333327	0.16666666666666666	448	9	0.9
0.0033333333333333327	0.16666666666666666	416	9	0.8
0.0033333333333333327	0.16666666666666666	432	9	0.9
0.0033333333333333327	0.16666666666666666	424	9	0.7
0.0033333333333333327	0.16666666666666666	428	9	1.0
0.0033333333333333327	0.16666666666666666	426	9	1.0
0.0033333333333333327	0.16666666666666666	425	9	0.8
1.0	0.25	2	9	0.0
1.0	0.25	4	9	0.0
1.0	0.25	8	9	0.0
1.0	0.25	16	9	0.0
1.0	0.25	32	9	0.0
1.0	0.25	64	9	0.0
1.0	0.25	128	9	0.0
1.0	0.25	256	9	0.0
1.0	0.25	512	9	0.2
1.0	0.25	1024	9	0.9
1.0	0.25	768	9	0.7
1.0	0.25	896	9	0.8
1.0	0.25	960	9	0.9
1.0	0.25	928	9	0.9
1.0	0.25	912	9	0.9
1.0	0.25	904	9	1.0
1.0	0.25	900	9	0.8
1.0	0.25	902	9	0.9
1.0	0.25	901	9	0.8
0.5	0.25	2	9	0.0
0.5	0.25	4	9	0.0
0.5	0.25	8	9	0.0
0.5	0.25	16	9	0.0
0.5	0.25	32	9	0.0
0.5	0.25	64	9	0.0
0.5	0.25	128	9	0.0
0.5	0.25	256	9	0.0
0.5	0.25	512	9	0.8
0.5	0.25	1024	9	1.0
0.5	0.25	768	9	1.0
0.5	0.25	640	9	0.9
0.5	0.25	576	9	0.8
0.5	0.25	608	9	1.0
0.5	0.25	592	9	0.8
0.5	0.25	600	9	0.9
0.5	0.25	596	9	0.8
0.5	0.25	598	9	1.0
0.5	0.25	597	9	0.9
0.2	0.25	2	9	0.0
0.2	0.25	4	9	0.0
0.2	0.25	8	9	0.0
0.2	0.25	16	9	0.0
0.2	0.25	32	9	0.0
0.2	0.25	64	9	0.0
0.2	0.25	128	9	0.0
0.2	0.25	256	9	0.0
0.2	0.25	512	9	1.0
0.2	0.25	384	9	0.6
0.2	0.25	448	9	0.9
0.2	0.25	416	9	1.0
0.2	0.25	400	9	1.0
0.2	0.25	392	9	0.9
0.2	0.25	388	9	0.9
0.2	0.25	386	9	0.9
0.2	0.25	385	9	1.0
0.1111111111111111	0.25	2	9	0.0
0.1111111111111111	0.25	4	9	0.0
0.1111111111111111	0.25	8	9	0.0
0.1111111111111111	0.25	16	9	0.0
0.1111111111111111	0.25	32	9	0.0
0.1111111111111111	0.25	64	9	0.0
0.1111111111111111	0.25	128	9	0.0
0.1111111111111111	0.25	256	9	0.6
0.1111111111111111	0.25	512	9	1.0
0.1111111111111111	0.25	384	9	0.8
0.1111111111111111	0.25	448	9	1.0
0.1111111111111111	0.25	416	9	1.0
0.1111111111111111	0.25	400	9	1.0
0.1111111111111111	0.25	392	9	1.0
0.1111111111111111	0.25	388	9	0.9
0.1111111111111111	0.25	386	9	1.0
0.1111111111111111	0.25	385	9	0.8
0.07692307692307693	0.25	2	9	0.0
0.07692307692307693	0.25	4	9	0.0
0.07692307692307693	0.25	8	9	0.0
0.07692307692307693	0.25	16	9	0.0
0.07692307692307693	0.25	32	9	0.0
0.07692307692307693	0.25	64	9	0.0
0.07692307692307693	0.25	128	9	0.0
0.07692307692307693	0.25	256	9	0.6
0.07692307692307693	0.25	512	9	1.0
0.07692307692307693	0.25	384	9	0.8
0.07692307692307693	0.25	448	9	1.0
0.07692307692307693	0.25	416	9	0.9
0.07692307692307693	0.25	400	9	1.0
0.07692307692307693	0.25	392	9	1.0
0.07692307692307693	0.25	388	9	1.0
0.07692307692307693	0.25	386	9	0.9
0.07692307692307693	0.25	385	9	0.9
0.05882352941176471	0.25	2	9	0.0
0.05882352941176471	0.25	4	9	0.0
0.05882352941176471	0.25	8	9	0.0
0.05882352941176471	0.25	16	9	0.0
0.05882352941176471	0.25	32	9	0.0
0.05882352941176471	0.25	64	9	0.0
0.05882352941176471	0.25	128	9	0.0
0.05882352941176471	0.25	256	9	0.3
0.05882352941176471	0.25	512	9	1.0
0.05882352941176471	0.25	384	9	0.9
0.05882352941176471	0.25	320	9	1.0
0.05882352941176471	0.25	288	9	0.7
0.05882352941176471	0.25	304	9	0.9
0.05882352941176471	0.25	296	9	0.8
0.05882352941176471	0.25	300	9	0.8
0.05882352941176471	0.25	302	9	0.9
0.05882352941176471	0.25	301	9	0.8
0.047619047619047616	0.25	2	9	0.0
0.047619047619047616	0.25	4	9	0.0
0.047619047619047616	0.25	8	9	0.0
0.047619047619047616	0.25	16	9	0.0
0.047619047619047616	0.25	32	9	0.0
0.047619047619047616	0.25	64	9	0.0
0.047619047619047616	0.25	128	9	0.0
0.047619047619047616	0.25	256	9	0.5
0.047619047619047616	0.25	512	9	1.0
0.047619047619047616	0.25	384	9	0.9
0.047619047619047616	0.25	320	9	0.8
0.047619047619047616	0.25	352	9	0.9
0.047619047619047616	0.25	336	9	0.9
0.047619047619047616	0.25	328	9	1.0
0.047619047619047616	0.25	324	9	0.8
0.047619047619047616	0.25	326	9	0.9
0.047619047619047616	0.25	325	9	1.0
0.04	0.25	2	9	0.0
0.04	0.25	4	9	0.0
0.04	0.25	8	9	0.0
0.04	0.25	16	9	0.0
0.04	0.25	32	9	0.0
0.04	0.25	64	9	0.0
0.04	0.25	128	9	0.0
0.04	0.25	256	9	0.5
0.04	0.25	512	9	1.0
0.04	0.25	384	9	1.0
0.04	0.25	320	9	0.9
0.04	0.25	288	9	0.7
0.04	0.25	304	9	1.0
0.04	0.25	296	9	0.8
0.04	0.25	300	9	0.9
0.04	0.25	298	9	0.7
0.04	0.25	299	9	0.9
0.03448275862068965	0.25	2	9	0.0
0.03448275862068965	0.25	4	9	0.0
0.03448275862068965	0.25	8	9	0.0
0.03448275862068965	0.25	16	9	0.0
0.03448275862068965	0.25	32	9	0.0
0.03448275862068965	0.25	64	9	0.0
0.03448275862068965	0.25	128	9	0.0
0.03448275862068965	0.25	256	9	0.7
0.03448275862068965	0.25	512	9	1.0
0.03448275862068965	0.25	384	9	1.0
0.03448275862068965	0.25	320	9	0.9
0.03448275862068965	0.25	288	9	0.9
0.03448275862068965	0.25	272	9	0.8
0.03448275862068965	0.25	280	9	0.4
0.03448275862068965	0.25	284	9	0.7
0.03448275862068965	0.25	286	9	0.7
0.03448275862068965	0.25	287	9	0.5
0.030303030303030307	0.25	2	9	0.0
0.030303030303030307	0.25	4	9	0.0
0.030303030303030307	0.25	8	9	0.0
0.030303030303030307	0.25	16	9	0.0
0.030303030303030307	0.25	32	9	0.0
0.030303030303030307	0.25	64	9	0.0
0.030303030303030307	0.25	128	9	0.0
0.030303030303030307	0.25	256	9	0.4
0.030303030303030307	0.25	512	9	1.0
0.030303030303030307	0.25	384	9	0.9
0.030303030303030307	0.25	320	9	0.8
0.030303030303030307	0.25	352	9	1.0
0.030303030303030307	0.25	336	9	0.9
0.030303030303030307	0.25	328	9	0.9
0.030303030303030307	0.25	324	9	0.9
0.030303030303030307	0.25	322	9	0.8
0.030303030303030307	0.25	323	9	1.0
0.006666666666666667	0.25	2	9	0.0
0.006666666666666667	0.25	4	9	0.0
0.006666666666666667	0.25	8	9	0.0
0.006666666666666667	0.25	16	9	0.0
0.006666666666666667	0.25	32	9	0.0
0.006666666666666667	0.25	64	9	0.0
0.006666666666666667	0.25	128	9	0.0
0.006666666666666667	0.25	256	9	0.7
0.006666666666666667	0.25	512	9	1.0
0.006666666666666667	0.25	384	9	1.0
0.006666666666666667	0.25	320	9	0.9
0.006666666666666667	0.25	288	9	0.6
0.006666666666666667	0.25	304	9	0.9
0.006666666666666667	0.25	296	9	0.8
0.006666666666666667	0.25	300	9	0.8
0.006666666666666667	0.25	302	9	1.0
0.006666666666666667	0.25	301	9	0.8
0.0033333333333333327	0.25	2	9	0.0
0.0033333333333333327	0.25	4	9	0.0
0.0033333333333333327	0.25	8	9	0.0
0.0033333333333333327	0.25	16	9	0.0
0.0033333333333333327	0.25	32	9	0.0
0.0033333333333333327	0.25	64	9	0.0
0.0033333333333333327	0.25	128	9	0.0
0.0033333333333333327	0.25	256	9	0.7
0.0033333333333333327	0.25	512	9	1.0
0.0033333333333333327	0.25	384	9	1.0
0.0033333333333333327	0.25	320	9	0.8
0.0033333333333333327	0.25	352	9	1.0
0.0033333333333333327	0.25	336	9	1.0
0.0033333333333333327	0.25	328	9	1.0
0.0033333333333333327	0.25	324	9	0.8
0.0033333333333333327	0.25	326	9	0.9
0.0033333333333333327	0.25	325	9	1.0
1.0	0.5	2	9	0.0
1.0	0.5	4	9	0.0
1.0	0.5	8	9	0.0
1.0	0.5	16	9	0.0
1.0	0.5	32	9	0.0
1.0	0.5	64	9	0.0
1.0	0.5	128	9	0.0
1.0	0.5	256	9	0.0
1.0	0.5	512	9	0.3
1.0	0.5	1024	9	0.8
1.0	0.5	2048	9	1.0
1.0	0.5	1536	9	0.9
1.0	0.5	1280	9	1.0
1.0	0.5	1152	9	1.0
1.0	0.5	1088	9	0.9
1.0	0.5	1056	9	1.0
1.0	0.5	1040	9	1.0
1.0	0.5	1032	9	0.8
1.0	0.5	1036	9	0.9
1.0	0.5	1034	9	0.9
1.0	0.5	1033	9	0.9
0.5	0.5	2	9	0.0
0.5	0.5	4	9	0.0
0.5	0.5	8	9	0.0
0.5	0.5	16	9	0.0
0.5	0.5	32	9	0.0
0.5	0.5	64	9	0.0
0.5	0.5	128	9	0.0
0.5	0.5	256	9	0.3
0.5	0.5	512	9	1.0
0.5	0.5	384	9	0.6
0.5	0.5	448	9	1.0
0.5	0.5	416	9	0.9
0.5	0.5	400	9	0.8
0.5	0.5	408	9	0.8
0.5	0.5	412	9	0.7
0.5	0.5	414	9	0.8
0.5	0.5	415	9	1.0
0.2	0.5	2	9	0.0
0.2	0.5	4	9	0.0
0.2	0.5	8	9	0.0
0.2	0.5	16	9	0.0
0.2	0.5	32	9	0.0
0.2	0.5	64	9	0.0
0.2	0.5	128	9	0.0
0.2	0.5	256	9	0.8
0.2	0.5	512	9	1.0
0.2	0.5	384	9	1.0
0.2	0.5	320	9	1.0
0.2	0.5	288	9	0.9
0.2	0.5	272	9	1.0
0.2	0.5	264	9	1.0
0.2	0.5	260	9	0.7
0.2	0.5	262	9	1.0
0.2	0.5	261	9	0.8
0.1111111111111111	0.5	2	9	0.0
0.1111111111111111	0.5	4	9	0.0
0.1111111111111111	0.5	8	9	0.0
0.1111111111111111	0.5	16	9	0.0
0.1111111111111111	0.5	32	9	0.0
0.1111111111111111	0.5	64	9	0.0
0.1111111111111111	0.5	128	9	0.0
0.1111111111111111	0.5	256	9	1.0
0.1111111111111111	0.5	192	9	0.6
0.1111111111111111	0.5	224	9	1.0
0.1111111111111111	0.5	208	9	0.5
0.1111111111111111	0.5	216	9	0.9
0.1111111111111111	0.5	212	9	0.7
0.1111111111111111	0.5	214	9	0.9
0.1111111111111111	0.5	213	9	0.8
0.07692307692307693	0.5	2	9	0.0
0.07692307692307693	0.5	4	9	0.0
0.07692307692307693	0.5	8	9	0.0
0.07692307692307693	0.5	16	9	0.0
0.07692307692307693	0.5	32	9	0.0
0.07692307692307693	0.5	64	9	0.0
0.07692307692307693	0.5	128	9	0.0
0.07692307692307693	0.5	256	9	1.0
0.07692307692307693	0.5	192	9	0.6
0.07692307692307693	0.5	224	9	1.0
0.07692307692307693	0.5	208	9	0.9
0.07692307692307693	0.5	200	9	0.9
0.07692307692307693	0.5	196	9	0.8
0.07692307692307693	0.5	198	9	0.7
0.07692307692307693	0.5	199	9	0.8
0.05882352941176471	0.5	2	9	0.0
0.05882352941176471	0.5	4	9	0.0
0.05882352941176471	0.5	8	9	0.0
0.05882352941176471	0.5	16	9	0.0
0.05882352941176471	0.5	32	9	0.0
0.05882352941176471	0.5	64	9	0.0
0.05882352941176471	0.5	128	9	0.0
0.05882352941176471	0.5	256	9	1.0
0.05882352941176471	0.5	192	9	1.0
0.05882352941176471	0.5	160	9	0.5
0.05882352941176471	0.5	176	9	0.6
0.05882352941176471	0.5	184	9	0.7
0.05882352941176471	0.5	188	9	0.6
0.05882352941176471	0.5	190	9	0.9
0.05882352941176471	0.5	189	9	0.8
0.047619047619047616	0.5	2	9	0.0
0.047619047619047616	0.5	4	9	0.0
0.047619047619047616	0.5	8	9	0.0
0.047619047619047616	0.5	16	9	0.0
0.047619047619047616	0.5	32	9	0.0
0.047619047619047616	0.5	64	9	0.0
0.047619047619047616	0.5	128	9	0.1
0.047619047619047616	0.5	256	9	1.0
0.047619047619047616	0.5	192	9	0.8
0.047619047619047616	0.5	224	9	1.0
0.047619047619047616	0.5	208	9	0.9
0.047619047619047616	0.5	200	9	1.0
0.047619047619047616	0.5	196	9	0.8
0.047619047619047616	0.5	198	9	0.9
0.047619047619047616	0.5	197	9	0.7
0.04	0.5	2	9	0.0
0.04	0.5	4	9	0.0
0.04	0.5	8	9	0.0
0.04	0.5	16	9	0.0
0.04	0.5	32	9	0.0
0.04	0.5	64	9	0.0
0.04	0.5	128	9	0.1
0.04	0.5	256	9	1.0
0.04	0.5	192	9	0.9
0.04	0.5	160	9	0.7
0.04	0.5	176	9	0.8
0.04	0.5	184	9	0.6
0.04	0.5	188	9	0.8
0.04	0.5	190	9	0.8
0.04	0.5	191	9	0.7
0.03448275862068965	0.5	2	9	0.0
0.03448275862068965	0.5	4	9	0.0
0.03448275862068965	0.5	8	9	0.0
0.03448275862068965	0.5	16	9	0.0
0.03448275862068965	0.5	32	9	0.0
0.03448275862068965	0.5	64	9	0.0
0.03448275862068965	0.5	128	9	0.0
0.03448275862068965	0.5	256	9	1.0
0.03448275862068965	0.5	192	9	0.8
0.03448275862068965	0.5	224	9	1.0
0.03448275862068965	0.5	208	9	1.0
0.03448275862068965	0.5	200	9	0.8
0.03448275862068965	0.5	204	9	1.0
0.03448275862068965	0.5	202	9	0.9
0.03448275862068965	0.5	201	9	1.0
0.030303030303030307	0.5	2	9	0.0
0.030303030303030307	0.5	4	9	0.0
0.030303030303030307	0.5	8	9	0.0
0.030303030303030307	0.5	16	9	0.0
0.030303030303030307	0.5	32	9	0.0
0.030303030303030307	0.5	64	9	0.0
0.030303030303030307	0.5	128	9	0.2
0.030303030303030307	0.5	256	9	1.0
0.030303030303030307	0.5	192	9	1.0
0.030303030303030307	0.5	160	9	0.5
0.030303030303030307	0.5	176	9	0.9
0.030303030303030307	0.5	168	9	0.8
0.030303030303030307	0.5	172	9	0.7
0.030303030303030307	0.5	174	9	0.6
0.030303030303030307	0.5	175	9	0.9
0.006666666666666667	0.5	2	9	0.0
0.006666666666666667	0.5	4	9	0.0
0.006666666666666667	0.5	8	9	0.0
0.006666666666666667	0.5	16	9	0.0
0.006666666666666667	0.5	32	9	0.0
0.006666666666666667	0.5	64	9	0.0
0.006666666666666667	0.5	128	9	0.2
0.006666666666666667	0.5	256	9	1.0
0.006666666666666667	0.5	192	9	0.9
0.006666666666666667	0.5	160	9	0.8
0.006666666666666667	0.5	176	9	0.8
0.006666666666666667	0.5	184	9	0.9
0.006666666666666667	0.5	180	9	1.0
0.006666666666666667	0.5	178	9	0.9
0.006666666666666667	0.5	177	9	1.0
0.0033333333333333327	0.5	2	9	0.0
0.0033333333333333327	0.5	4	9	0.0
0.0033333333333333327	0.5	8	9	0.0
0.0033333333333333327	0.5	16	9	0.0
0.0033333333333333327	0.5	32	9	0.0
0.0033333333333333327	0.5	64	9	0.0
0.0033333333333333327	0.5	128	9	0.6
0.0033333333333333327	0.5	256	9	1.0
0.0033333333333333327	0.5	192	9	1.0
0.0033333333333333327	0.5	160	9	0.8
0.0033333333333333327	0.5	176	9	0.5
0.0033333333333333327	0.5	184	9	0.8
0.0033333333333333327	0.5	188	9	0.8
0.0033333333333333327	0.5	190	9	0.7
0.0033333333333333327	0.5	191	9	1.0
1.0	1.0	2	9	0.0
1.0	1.0	4	9	0.0
1.0	1.0	8	9	0.0
1.0	1.0	16	9	0.0
1.0	1.0	32	9	0.0
1.0	1.0	64	9	0.0
1.0	1.0	128	9	0.0
1.0	1.0	256	9	0.0
1.0	1.0	512	9	0.0
1.0	1.0	1024	9	0.3
1.0	1.0	2048	9	0.9
1.0	1.0	1536	9	0.6
1.0	1.0	1792	9	1.0
1.0	1.0	1664	9	1.0
1.0	1.0	1600	9	0.5
1.0	1.0	1632	9	0.8
1.0	1.0	1648	9	0.6
1.0	1.0	1656	9	0.7
1.0	1.0	1660	9	0.7
1.0	1.0	1662	9	0.8
1.0	1.0	1663	9	0.9
0.5	1.0	2	9	0.0
0.5	1.0	4	9	0.0
0.5	1.0	8	9	0.0
0.5	1.0	16	9	0.0
0.5	1.0	32	9	0.0
0.5	1.0	64	9	0.0
0.5	1.0	128	9	0.0
0.5	1.0	256	9	0.3
0.5	1.0	512	9	0.9
0.5	1.0	384	9	0.8
0.5	1.0	448	9	1.0
0.5	1.0	416	9	0.9
0.5	1.0	400	9	0.9
0.5	1.0	392	9	0.8
0.5	1.0	396	9	0.9
0.5	1.0	394	9	0.6
0.5	1.0	395	9	0.8
0.2	1.0	2	9	0.0
0.2	1.0	4	9	0.0
0.2	1.0	8	9	0.0
0.2	1.0	16	9	0.0
0.2	1.0	32	9	0.0
0.2	1.0	64	9	0.0
0.2	1.0	128	9	0.1
0.2	1.0	256	9	1.0
0.2	1.0	192	9	0.6
0.2	1.0	224	9	0.9
0.2	1.0	208	9	0.8
0.2	1.0	216	9	0.8
0.2	1.0	220	9	0.8
0.2	1.0	222	9	0.8
0.2	1.0	223	9	0.8
0.1111111111111111	1.0	2	9	0.0
0.1111111111111111	1.0	4	9	0.0
0.1111111111111111	1.0	8	9	0.0
0.1111111111111111	1.0	16	9	0.0
0.1111111111111111	1.0	32	9	0.0
0.1111111111111111	1.0	64	9	0.0
0.1111111111111111	1.0	128	9	0.4
0.1111111111111111	1.0	256	9	1.0
0.1111111111111111	1.0	192	9	0.9
0.1111111111111111	1.0	160	9	0.7
0.1111111111111111	1.0	176	9	0.7
0.1111111111111111	1.0	184	9	0.9
0.1111111111111111	1.0	180	9	0.9
0.1111111111111111	1.0	178	9	0.9
0.1111111111111111	1.0	177	9	1.0
0.07692307692307693	1.0	2	9	0.0
0.07692307692307693	1.0	4	9	0.0
0.07692307692307693	1.0	8	9	0.0
0.07692307692307693	1.0	16	9	0.0
0.07692307692307693	1.0	32	9	0.0
0.07692307692307693	1.0	64	9	0.0
0.07692307692307693	1.0	128	9	0.5
0.07692307692307693	1.0	256	9	1.0
0.07692307692307693	1.0	192	9	1.0
0.07692307692307693	1.0	160	9	0.7
0.07692307692307693	1.0	176	9	1.0
0.07692307692307693	1.0	168	9	0.5
0.07692307692307693	1.0	172	9	1.0
0.07692307692307693	1.0	170	9	0.9
0.07692307692307693	1.0	169	9	0.9
0.05882352941176471	1.0	2	9	0.0
0.05882352941176471	1.0	4	9	0.0
0.05882352941176471	1.0	8	9	0.0
0.05882352941176471	1.0	16	9	0.0
0.05882352941176471	1.0	32	9	0.0
0.05882352941176471	1.0	64	9	0.0
0.05882352941176471	1.0	128	9	0.7
0.05882352941176471	1.0	256	9	1.0
0.05882352941176471	1.0	192	9	0.9
0.05882352941176471	1.0	160	9	0.9
0.05882352941176471	1.0	144	9	0.7
0.05882352941176471	1.0	152	9	0.9
0.05882352941176471	1.0	148	9	0.6
0.05882352941176471	1.0	150	9	0.8
0.05882352941176471	1.0	151	9	0.8
0.047619047619047616	1.0	2	9	0.0
0.047619047619047616	1.0	4	9	0.0
0.047619047619047616	1.0	8	9	0.0
0.047619047619047616	1.0	16	9	0.0
0.047619047619047616	1.0	32	9	0.0
0.047619047619047616	1.0	64	9	0.0
0.047619047619047616	1.0	128	9	0.6
0.047619047619047616	1.0	256	9	1.0
0.047619047619047616	1.0	192	9	1.0
0.047619047619047616	1.0	160	9	1.0
0.047619047619047616	1.0	144	9	0.9
0.047619047619047616	1.0	136	9	0.9
0.047619047619047616	1.0	132	9	0.8
0.047619047619047616	1.0	134	9	0.8
0.047619047619047616	1.0	135	9	0.6
0.04	1.0	2	9	0.0
0.04	1.0	4	9	0.0
0.04	1.0	8	9	0.0
0.04	1.0	16	9	0.0
0.04	1.0	32	9	0.0
0.04	1.0	64	9	0.0
0.04	1.0	128	9	0.5
0.04	1.0	256	9	1.0
0.04	1.0	192	9	1.0
0.04	1.0	160	9	1.0
0.04	1.0	144	9	0.9
0.04	1.0	136	9	0.9
0.04	1.0	132	9	0.9
0.04	1.0	130	9	0.6
0.04	1.0	131	9	1.0
0.03448275862068965	1.0	2	9	0.0
0.03448275862068965	1.0	4	9	0.0
0.03448275862068965	1.0	8	9	0.0
0.03448275862068965	1.0	16	9	0.0
0.03448275862068965	1.0	32	9	0.0
0.03448275862068965	1.0	64	9	0.0
0.03448275862068965	1.0	128	9	0.6
0.03448275862068965	1.0	256	9	1.0
0.03448275862068965	1.0	192	9	1.0
0.03448275862068965	1.0	160	9	0.9
0.03448275862068965	1.0	144	9	0.7
0.03448275862068965	1.0	152	9	1.0
0.03448275862068965	1.0	148	9	1.0
0.03448275862068965	1.0	146	9	0.9
0.03448275862068965	1.0	145	9	1.0
0.030303030303030307	1.0	2	9	0.0
0.030303030303030307	1.0	4	9	0.0
0.030303030303030307	1.0	8	9	0.0
0.030303030303030307	1.0	16	9	0.0
0.030303030303030307	1.0	32	9	0.0
0.030303030303030307	1.0	64	9	0.0
0.030303030303030307	1.0	128	9	0.8
0.030303030303030307	1.0	256	9	1.0
0.030303030303030307	1.0	192	9	0.9
0.030303030303030307	1.0	160	9	1.0
0.030303030303030307	1.0	144	9	0.8
0.030303030303030307	1.0	152	9	0.8
0.030303030303030307	1.0	156	9	1.0
0.030303030303030307	1.0	154	9	0.9
0.030303030303030307	1.0	153	9	0.8
0.006666666666666667	1.0	2	9	0.0
0.006666666666666667	1.0	4	9	0.0
0.006666666666666667	1.0	8	9	0.0
0.006666666666666667	1.0	16	9	0.0
0.006666666666666667	1.0	32	9	0.0
0.006666666666666667	1.0	64	9	0.0
0.006666666666666667	1.0	128	9	0.9
0.006666666666666667	1.0	96	9	0.4
0.006666666666666667	1.0	112	9	0.6
0.006666666666666667	1.0	120	9	0.6
0.006666666666666667	1.0	124	9	0.6
0.006666666666666667	1.0	126	9	0.9
0.006666666666666667	1.0	125	9	0.6
0.0033333333333333327	1.0	2	9	0.0
0.0033333333333333327	1.0	4	9	0.0
0.0033333333333333327	1.0	8	9	0.0
0.0033333333333333327	1.0	16	9	0.0
0.0033333333333333327	1.0	32	9	0.0
0.0033333333333333327	1.0	64	9	0.0
0.0033333333333333327	1.0	128	9	0.7
0.0033333333333333327	1.0	256	9	1.0
0.0033333333333333327	1.0	192	9	1.0
0.0033333333333333327	1.0	160	9	1.0
0.0033333333333333327	1.0	144	9	1.0
0.0033333333333333327	1.0	136	9	1.0
0.0033333333333333327	1.0	132	9	0.8
0.0033333333333333327	1.0	134	9	0.9
0.0033333333333333327	1.0	133	9	1.0
1.0	2.0	2	9	0.0
1.0	2.0	4	9	0.0
1.0	2.0	8	9	0.0
1.0	2.0	16	9	0.0
1.0	2.0	32	9	0.0
1.0	2.0	64	9	0.0
1.0	2.0	128	9	0.0
1.0	2.0	256	9	0.0
1.0	2.0	512	9	0.0
1.0	2.0	1024	9	0.0
1.0	2.0	2048	9	0.0
1.0	2.0	4096	9	0.4
0.5	2.0	2	9	0.0
0.5	2.0	4	9	0.0
0.5	2.0	8	9	0.0
0.5	2.0	16	9	0.0
0.5	2.0	32	9	0.0
0.5	2.0	64	9	0.0
0.5	2.0	128	9	0.0
0.5	2.0	256	9	0.0
0.5	2.0	512	9	0.6
0.5	2.0	1024	9	1.0
0.5	2.0	768	9	1.0
0.5	2.0	640	9	0.9
0.5	2.0	576	9	0.8
0.5	2.0	608	9	1.0
0.5	2.0	592	9	1.0
0.5	2.0	584	9	0.8
0.5	2.0	588	9	1.0
0.5	2.0	586	9	0.8
0.5	2.0	587	9	1.0
0.2	2.0	2	9	0.0
0.2	2.0	4	9	0.0
0.2	2.0	8	9	0.0
0.2	2.0	16	9	0.0
0.2	2.0	32	9	0.0
0.2	2.0	64	9	0.0
0.2	2.0	128	9	0.0
0.2	2.0	256	9	0.7
0.2	2.0	512	9	1.0
0.2	2.0	384	9	1.0
0.2	2.0	320	9	0.9
0.2	2.0	288	9	1.0
0.2	2.0	272	9	0.7
0.2	2.0	280	9	0.8
0.2	2.0	284	9	0.9
0.2	2.0	282	9	0.8
0.2	2.0	283	9	0.9
0.1111111111111111	2.0	2	9	0.0
0.1111111111111111	2.0	4	9	0.0
0.1111111111111111	2.0	8	9	0.0
0.1111111111111111	2.0	16	9	0.0
0.1111111111111111	2.0	32	9	0.0
0.1111111111111111	2.0	64	9	0.0
0.1111111111111111	2.0	128	9	0.0
0.1111111111111111	2.0	256	9	1.0
0.1111111111111111	2.0	192	9	0.9
0.1111111111111111	2.0	160	9	0.6
0.1111111111111111	2.0	176	9	0.8
0.1111111111111111	2.0	184	9	0.5
0.1111111111111111	2.0	188	9	0.6
0.1111111111111111	2.0	190	9	0.5
0.1111111111111111	2.0	191	9	0.8
0.07692307692307693	2.0	2	9	0.0
0.07692307692307693	2.0	4	9	0.0
0.07692307692307693	2.0	8	9	0.0
0.07692307692307693	2.0	16	9	0.0
0.07692307692307693	2.0	32	9	0.0
0.07692307692307693	2.0	64	9	0.0
0.07692307692307693	2.0	128	9	0.7
0.07692307692307693	2.0	256	9	1.0
0.07692307692307693	2.0	192	9	0.9
0.07692307692307693	2.0	160	9	0.8
0.07692307692307693	2.0	176	9	0.9
0.07692307692307693	2.0	168	9	1.0
0.07692307692307693	2.0	164	9	0.7
0.07692307692307693	2.0	166	9	0.6
0.07692307692307693	2.0	167	9	0.7
0.05882352941176471	2.0	2	9	0.0
0.05882352941176471	2.0	4	9	0.0
0.05882352941176471	2.0	8	9	0.0
0.05882352941176471	2.0	16	9	0.0
0.05882352941176471	2.0	32	9	0.0
0.05882352941176471	2.0	64	9	0.0
0.05882352941176471	2.0	128	9	0.6
0.05882352941176471	2.0	256	9	1.0
0.05882352941176471	2.0	192	9	0.9
0.05882352941176471	2.0	160	9	0.7
0.05882352941176471	2.0	176	9	0.7
0.05882352941176471	2.0	184	9	1.0
0.05882352941176471	2.0	180	9	0.9
0.05882352941176471	2.0	178	9	0.8
0.05882352941176471	2.0	179	9	1.0
0.047619047619047616	2.0	2	9	0.0
0.047619047619047616	2.0	4	9	0.0
0.047619047619047616	2.0	8	9	0.0
0.047619047619047616	2.0	16	9	0.0
0.047619047619047616	2.0	32	9	0.0
0.047619047619047616	2.0	64	9	0.0
0.047619047619047616	2.0	128	9	0.4
0.047619047619047616	2.0	256	9	1.0
0.047619047619047616	2.0	192	9	0.8
0.047619047619047616	2.0	224	9	1.0
0.047619047619047616	2.0	208	9	1.0
0.047619047619047616	2.0	200	9	1.0
0.047619047619047616	2.0	196	9	1.0
0.047619047619047616	2.0	194	9	1.0
0.047619047619047616	2.0	193	9	0.9
0.04	2.0	2	9	0.0
0.04	2.0	4	9	0.0
0.04	2.0	8	9	0.0
0.04	2.0	16	9	0.0
0.04	2.0	32	9	0.0
0.04	2.0	64	9	0.0
0.04	2.0	128	9	0.5
0.04	2.0	256	9	1.0
0.04	2.0	192	9	0.9
0.04	2.0	160	9	0.9
0.04	2.0	144	9	0.9
0.04	2.0	136	9	0.7
0.04	2.0	140	9	0.6
0.04	2.0	142	9	0.4
0.04	2.0	143	9	0.6
0.03448275862068965	2.0	2	9	0.0
0.03448275862068965	2.0	4	9	0.0
0.03448275862068965	2.0	8	9	0.0
0.03448275862068965	2.0	16	9	0.0
0.03448275862068965	2.0	32	9	0.0
0.03448275862068965	2.0	64	9	0.0
0.03448275862068965	2.0	128	9	0.4
0.03448275862068965	2.0	256	9	1.0
0.03448275862068965	2.0	192	9	0.9
0.03448275862068965	2.0	160	9	0.9
0.03448275862068965	2.0	144	9	0.8
0.03448275862068965	2.0	152	9	0.7
0.03448275862068965	2.0	156	9	0.8
0.03448275862068965	2.0	158	9	0.9
0.03448275862068965	2.0	157	9	1.0
0.030303030303030307	2.0	2	9	0.0
0.030303030303030307	2.0	4	9	0.0
0.030303030303030307	2.0	8	9	0.0
0.030303030303030307	2.0	16	9	0.0
0.030303030303030307	2.0	32	9	0.0
0.030303030303030307	2.0	64	9	0.0
0.030303030303030307	2.0	128	9	0.8
0.030303030303030307	2.0	256	9	1.0
0.030303030303030307	2.0	192	9	1.0
0.030303030303030307	2.0	160	9	0.9
0.030303030303030307	2.0	144	9	0.8
0.030303030303030307	2.0	152	9	1.0
0.030303030303030307	2.0	148	9	0.7
0.030303030303030307	2.0	150	9	0.5
0.030303030303030307	2.0	151	9	0.8
0.006666666666666667	2.0	2	9	0.0
0.006666666666666667	2.0	4	9	0.0
0.006666666666666667	2.0	8	9	0.0
0.006666666666666667	2.0	16	9	0.0
0.006666666666666667	2.0	32	9	0.0
0.006666666666666667	2.0	64	9	0.1
0.006666666666666667	2.0	128	9	0.7
0.006666666666666667	2.0	256	9	1.0
0.006666666666666667	2.0	192	9	1.0
0.006666666666666667	2.0	160	9	1.0
0.006666666666666667	2.0	144	9	0.8
0.006666666666666667	2.0	152	9	1.0
0.006666666666666667	2.0	148	9	0.9
0.006666666666666667	2.0	146	9	0.8
0.006666666666666667	2.0	147	9	0.6
0.0033333333333333327	2.0	2	9	0.0
0.0033333333333333327	2.0	4	9	0.0
0.0033333333333333327	2.0	8	9	0.0
0.0033333333333333327	2.0	16	9	0.0
0.0033333333333333327	2.0	32	9	0.0
0.0033333333333333327	2.0	64	9	0.0
0.0033333333333333327	2.0	128	9	0.7
0.0033333333333333327	2.0	256	9	1.0
0.0033333333333333327	2.0	192	9	1.0
0.0033333333333333327	2.0	160	9	0.7
0.0033333333333333327	2.0	176	9	1.0
0.0033333333333333327	2.0	168	9	0.9
0.0033333333333333327	2.0	164	9	0.9
0.0033333333333333327	2.0	162	9	1.0
0.0033333333333333327	2.0	161	9	0.9
1.0	5.0	2	9	0.0
1.0	5.0	4	9	0.0
1.0	5.0	8	9	0.0
1.0	5.0	16	9	0.0
1.0	5.0	32	9	0.0
1.0	5.0	64	9	0.0
1.0	5.0	128	9	0.0
1.0	5.0	256	9	0.0
1.0	5.0	512	9	0.0
1.0	5.0	1024	9	0.0
1.0	5.0	2048	9	0.0
1.0	5.0	4096	9	0.0
0.5	5.0	2	9	0.0
0.5	5.0	4	9	0.0
0.5	5.0	8	9	0.0
0.5	5.0	16	9	0.0
0.5	5.0	32	9	0.0
0.5	5.0	64	9	0.0
0.5	5.0	128	9	0.0
0.5	5.0	256	9	0.0
0.5	5.0	512	9	0.0
0.5	5.0	1024	9	0.0
0.5	5.0	2048	9	0.5
0.5	5.0	4096	9	1.0
0.5	5.0	3072	9	0.9
0.5	5.0	2560	9	0.7
0.5	5.0	2816	9	0.8
0.5	5.0	2944	9	1.0
0.5	5.0	2880	9	1.0
0.5	5.0	2848	9	0.8
0.5	5.0	2864	9	0.8
0.5	5.0	2872	9	1.0
0.5	5.0	2868	9	0.8
0.5	5.0	2870	9	0.9
0.5	5.0	2869	9	0.9
0.2	5.0	2	9	0.0
0.2	5.0	4	9	0.0
0.2	5.0	8	9	0.0
0.2	5.0	16	9	0.0
0.2	5.0	32	9	0.0
0.2	5.0	64	9	0.0
0.2	5.0	128	9	0.0
0.2	5.0	256	9	0.0
0.2	5.0	512	9	0.0
0.2	5.0	1024	9	0.5
0.2	5.0	2048	9	1.0
0.2	5.0	1536	9	1.0
0.2	5.0	1280	9	0.9
0.2	5.0	1152	9	1.0
0.2	5.0	1088	9	0.8
0.2	5.0	1120	9	0.6
0.2	5.0	1136	9	0.6
0.2	5.0	1144	9	0.7
0.2	5.0	1148	9	0.8
0.2	5.0	1150	9	0.6
0.2	5.0	1151	9	0.5
0.1111111111111111	5.0	2	9	0.0
0.1111111111111111	5.0	4	9	0.0
0.1111111111111111	5.0	8	9	0.0
0.1111111111111111	5.0	16	9	0.0
0.1111111111111111	5.0	32	9	0.0
0.1111111111111111	5.0	64	9	0.0
0.1111111111111111	5.0	128	9	0.0
0.1111111111111111	5.0	256	9	0.0
0.1111111111111111	5.0	512	9	0.0
0.1111111111111111	5.0	1024	9	0.8
0.1111111111111111	5.0	2048	9	1.0
0.1111111111111111	5.0	1536	9	1.0
0.1111111111111111	5.0	1280	9	1.0
0.1111111111111111	5.0	1152	9	0.9
0.1111111111111111	5.0	1088	9	1.0
0.1111111111111111	5.0	1056	9	1.0
0.1111111111111111	5.0	1040	9	0.7
0.1111111111111111	5.0	1048	9	1.0
0.1111111111111111	5.0	1044	9	0.9
0.1111111111111111	5.0	1042	9	1.0
0.1111111111111111	5.0	1041	9	1.0
0.07692307692307693	5.0	2	9	0.0
0.07692307692307693	5.0	4	9	0.0
0.07692307692307693	5.0	8	9	0.0
0.07692307692307693	5.0	16	9	0.0
0.07692307692307693	5.0	32	9	0.0
0.07692307692307693	5.0	64	9	0.0
0.07692307692307693	5.0	128	9	0.0
0.07692307692307693	5.0	256	9	0.0
0.07692307692307693	5.0	512	9	0.2
0.07692307692307693	5.0	1024	9	0.5
0.07692307692307693	5.0	2048	9	1.0
0.07692307692307693	5.0	1536	9	1.0
0.07692307692307693	5.0	1280	9	1.0
0.07692307692307693	5.0	1152	9	1.0
0.07692307692307693	5.0	1088	9	0.9
0.07692307692307693	5.0	1056	9	1.0
0.07692307692307693	5.0	1040	9	0.8
0.07692307692307693	5.0	1048	9	1.0
0.07692307692307693	5.0	1044	9	1.0
0.07692307692307693	5.0	1042	9	0.8
0.07692307692307693	5.0	1043	9	1.0
0.05882352941176471	5.0	2	9	0.0
0.05882352941176471	5.0	4	9	0.0
0.05882352941176471	5.0	8	9	0.0
0.05882352941176471	5.0	16	9	0.0
0.05882352941176471	5.0	32	9	0.0
0.05882352941176471	5.0	64	9	0.0
0.05882352941176471	5.0	128	9	0.0
0.05882352941176471	5.0	256	9	0.0
0.05882352941176471	5.0	512	9	0.1
0.05882352941176471	5.0	1024	9	0.9
0.05882352941176471	5.0	768	9	0.6
0.05882352941176471	5.0	896	9	0.9
0.05882352941176471	5.0	832	9	1.0
0.05882352941176471	5.0	800	9	0.8
0.05882352941176471	5.0	816	9	0.8
0.05882352941176471	5.0	824	9	0.8
0.05882352941176471	5.0	828	9	0.9
0.05882352941176471	5.0	826	9	0.9
0.05882352941176471	5.0	825	9	0.9
0.047619047619047616	5.0	2	9	0.0
0.047619047619047616	5.0	4	9	0.0
0.047619047619047616	5.0	8	9	0.0
0.047619047619047616	5.0	16	9	0.0
0.047619047619047616	5.0	32	9	0.0
0.047619047619047616	5.0	64	9	0.0
0.047619047619047616	5.0	128	9	0.0
0.047619047619047616	5.0	256	9	0.0
0.047619047619047616	5.0	512	9	0.3
0.047619047619047616	5.0	1024	9	0.9
0.047619047619047616	5.0	768	9	0.9
0.047619047619047616	5.0	640	9	0.6
0.047619047619047616	5.0	704	9	0.6
0.047619047619047616	5.0	736	9	1.0
0.047619047619047616	5.0	720	9	0.8
0.047619047619047616	5.0	728	9	0.6
0.047619047619047616	5.0	732	9	0.7
0.047619047619047616	5.0	734	9	0.6
0.047619047619047616	5.0	735	9	0.7
0.04	5.0	2	9	0.0
0.04	5.0	4	9	0.0
0.04	5.0	8	9	0.0
0.04	5.0	16	9	0.0
0.04	5.0	32	9	0.0
0.04	5.0	64	9	0.0
0.04	5.0	128	9	0.0
0.04	5.0	256	9	0.0
0.04	5.0	512	9	0.2
0.04	5.0	1024	9	1.0
0.04	5.0	768	9	1.0
0.04	5.0	640	9	0.4
0.04	5.0	704	9	0.9
0.04	5.0	672	9	0.5
0.04	5.0	688	9	0.5
0.04	5.0	696	9	0.9
0.04	5.0	692	9	0.6
0.04	5.0	694	9	0.7
0.04	5.0	695	9	0.6
0.03448275862068965	5.0	2	9	0.0
0.03448275862068965	5.0	4	9	0.0
0.03448275862068965	5.0	8	9	0.0
0.03448275862068965	5.0	16	9	0.0
0.03448275862068965	5.0	32	9	0.0
0.03448275862068965	5.0	64	9	0.0
0.03448275862068965	5.0	128	9	0.0
0.03448275862068965	5.0	256	9	0.0
0.03448275862068965	5.0	512	9	0.3
0.03448275862068965	5.0	1024	9	1.0
0.03448275862068965	5.0	768	9	0.7
0.03448275862068965	5.0	896	9	0.8
0.03448275862068965	5.0	960	9	0.9
0.03448275862068965	5.0	928	9	1.0
0.03448275862068965	5.0	912	9	1.0
0.03448275862068965	5.0	904	9	1.0
0.03448275862068965	5.0	900	9	1.0
0.03448275862068965	5.0	898	9	1.0
0.03448275862068965	5.0	897	9	0.7
0.030303030303030307	5.0	2	9	0.0
0.030303030303030307	5.0	4	9	0.0
0.030303030303030307	5.0	8	9	0.0
0.030303030303030307	5.0	16	9	0.0
0.030303030303030307	5.0	32	9	0.0
0.030303030303030307	5.0	64	9	0.0
0.030303030303030307	5.0	128	9	0.0
0.030303030303030307	5.0	256	9	0.0
0.030303030303030307	5.0	512	9	0.3
0.030303030303030307	5.0	1024	9	1.0
0.030303030303030307	5.0	768	9	0.6
0.030303030303030307	5.0	896	9	1.0
0.030303030303030307	5.0	832	9	1.0
0.030303030303030307	5.0	800	9	0.7
0.030303030303030307	5.0	816	9	1.0
0.030303030303030307	5.0	808	9	0.9
0.030303030303030307	5.0	804	9	0.9
0.030303030303030307	5.0	802	9	0.8
0.030303030303030307	5.0	803	9	1.0
0.006666666666666667	5.0	2	9	0.0
0.006666666666666667	5.0	4	9	0.0
0.006666666666666667	5.0	8	9	0.0
0.006666666666666667	5.0	16	9	0.0
0.006666666666666667	5.0	32	9	0.0
0.006666666666666667	5.0	64	9	0.0
0.006666666666666667	5.0	128	9	0.0
0.006666666666666667	5.0	256	9	0.0
0.006666666666666667	5.0	512	9	0.3
0.006666666666666667	5.0	1024	9	1.0
0.006666666666666667	5.0	768	9	0.9
0.006666666666666667	5.0	640	9	0.7
0.006666666666666667	5.0	704	9	0.5
0.006666666666666667	5.0	736	9	0.6
0.006666666666666667	5.0	752	9	0.9
0.006666666666666667	5.0	744	9	0.7
0.006666666666666667	5.0	748	9	0.8
0.006666666666666667	5.0	750	9	0.9
0.006666666666666667	5.0	749	9	0.8
0.0033333333333333327	5.0	2	9	0.0
0.0033333333333333327	5.0	4	9	0.0
0.0033333333333333327	5.0	8	9	0.0
0.0033333333333333327	5.0	16	9	0.0
0.0033333333333333327	5.0	32	9	0.0
0.0033333333333333327	5.0	64	9	0.0
0.0033333333333333327	5.0	128	9	0.0
0.0033333333333333327	5.0	256	9	0.0
0.0033333333333333327	5.0	512	9	0.5
0.0033333333333333327	5.0	1024	9	1.0
0.0033333333333333327	5.0	768	9	1.0
0.0033333333333333327	5.0	640	9	0.7
0.0033333333333333327	5.0	704	9	0.9
0.0033333333333333327	5.0	672	9	0.5
0.0033333333333333327	5.0	688	9	0.9
0.0033333333333333327	5.0	680	9	0.7
0.0033333333333333327	5.0	684	9	0.7
0.0033333333333333327	5.0	686	9	0.7
0.0033333333333333327	5.0	687	9	1.0
