1.0	0.08333333333333333	2	9	0.0
1.0	0.08333333333333333	4	9	0.0
1.0	0.08333333333333333	8	9	0.0
1.0	0.08333333333333333	16	9	0.0
1.0	0.08333333333333333	32	9	0.0
1.0	0.08333333333333333	64	9	0.0
1.0	0.08333333333333333	128	9	0.0
1.0	0.08333333333333333	256	9	0.0
1.0	0.08333333333333333	512	9	0.1
1.0	0.08333333333333333	1024	9	0.8
1.0	0.08333333333333333	2048	9	1.0
1.0	0.08333333333333333	1536	9	1.0
1.0	0.08333333333333333	1280	9	0.8
1.0	0.08333333333333333	1408	9	0.8
1.0	0.08333333333333333	1472	9	1.0
1.0	0.08333333333333333	1440	9	0.9
1.0	0.08333333333333333	1424	9	1.0
1.0	0.08333333333333333	1416	9	1.0
1.0	0.08333333333333333	1412	9	1.0
1.0	0.08333333333333333	1410	9	1.0
1.0	0.08333333333333333	1409	9	0.9
0.5	0.08333333333333333	2	9	0.0
0.5	0.08333333333333333	4	9	0.0
0.5	0.08333333333333333	8	9	0.0
0.5	0.08333333333333333	16	9	0.0
0.5	0.08333333333333333	32	9	0.0
0.5	0.08333333333333333	64	9	0.0
0.5	0.08333333333333333	128	9	0.0
0.5	0.08333333333333333	256	9	0.0
0.5	0.08333333333333333	512	9	0.4
0.5	0.08333333333333333	1024	9	1.0
0.5	0.08333333333333333	768	9	0.7
0.5	0.08333333333333333	896	9	0.9
0.5	0.08333333333333333	832	9	0.8
0.5	0.08333333333333333	864	9	0.8
0.5	0.08333333333333333	880	9	0.9
0.5	0.08333333333333333	872	9	0.9
0.5	0.08333333333333333	868	9	0.8
0.5	0.08333333333333333	870	9	0.6
0.5	0.08333333333333333	871	9	0.6
0.2	0.08333333333333333	2	9	0.0
0.2	0.08333333333333333	4	9	0.0
0.2	0.08333333333333333	8	9	0.0
0.2	0.08333333333333333	16	9	0.0
0.2	0.08333333333333333	32	9	0.0
0.2	0.08333333333333333	64	9	0.0
0.2	0.08333333333333333	128	9	0.0
0.2	0.08333333333333333	256	9	0.1
0.2	0.08333333333333333	512	9	0.5
0.2	0.08333333333333333	1024	9	1.0
0.2	0.08333333333333333	768	9	0.9
0.2	0.08333333333333333	640	9	1.0
0.2	0.08333333333333333	576	9	0.8
0.2	0.08333333333333333	608	9	0.8
0.2	0.08333333333333333	624	9	1.0
0.2	0.08333333333333333	616	9	0.9
0.2	0.08333333333333333	612	9	0.7
0.2	0.08333333333333333	614	9	0.8
0.2	0.08333333333333333	615	9	0.8
0.1111111111111111	0.08333333333333333	2	9	0.0
0.1111111111111111	0.08333333333333333	4	9	0.0
0.1111111111111111	0.08333333333333333	8	9	0.0
0.1111111111111111	0.08333333333333333	16	9	0.0
0.1111111111111111	0.08333333333333333	32	9	0.0
0.1111111111111111	0.08333333333333333	64	9	0.0
0.1111111111111111	0.08333333333333333	128	9	0.0
0.1111111111111111	0.08333333333333333	256	9	0.0
0.1111111111111111	0.08333333333333333	512	9	0.7
0.1111111111111111	0.08333333333333333	1024	9	0.9
0.1111111111111111	0.08333333333333333	768	9	0.9
0.1111111111111111	0.08333333333333333	640	9	1.0
0.1111111111111111	0.08333333333333333	576	9	0.7
0.1111111111111111	0.08333333333333333	608	9	0.9
0.1111111111111111	0.08333333333333333	592	9	0.7
0.1111111111111111	0.08333333333333333	600	9	0.9
0.1111111111111111	0.08333333333333333	596	9	0.8
0.1111111111111111	0.08333333333333333	598	9	1.0
0.1111111111111111	0.08333333333333333	597	9	1.0
0.07692307692307693	0.08333333333333333	2	9	0.0
0.07692307692307693	0.08333333333333333	4	9	0.0
0.07692307692307693	0.08333333333333333	8	9	0.0
0.07692307692307693	0.08333333333333333	16	9	0.0
0.07692307692307693	0.08333333333333333	32	9	0.0
0.07692307692307693	0.08333333333333333	64	9	0.0
0.07692307692307693	0.08333333333333333	128	9	0.0
0.07692307692307693	0.08333333333333333	256	9	0.1
0.07692307692307693	0.08333333333333333	512	9	0.7
0.07692307692307693	0.08333333333333333	1024	9	1.0
0.07692307692307693	0.08333333333333333	768	9	1.0
0.07692307692307693	0.08333333333333333	640	9	0.8
0.07692307692307693	0.08333333333333333	704	9	1.0
0.07692307692307693	0.08333333333333333	672	9	1.0
0.07692307692307693	0.08333333333333333	656	9	0.9
0.07692307692307693	0.08333333333333333	648	9	0.8
0.07692307692307693	0.08333333333333333	652	9	1.0
0.07692307692307693	0.08333333333333333	650	9	0.9
0.07692307692307693	0.08333333333333333	649	9	0.8
0.05882352941176471	0.08333333333333333	2	9	0.0
0.05882352941176471	0.08333333333333333	4	9	0.0
0.05882352941176471	0.08333333333333333	8	9	0.0
0.05882352941176471	0.08333333333333333	16	9	0.0
0.05882352941176471	0.08333333333333333	32	9	0.0
0.05882352941176471	0.08333333333333333	64	9	0.0
0.05882352941176471	0.08333333333333333	128	9	0.0
0.05882352941176471	0.08333333333333333	256	9	0.0
0.05882352941176471	0.08333333333333333	512	9	0.9
0.05882352941176471	0.08333333333333333	384	9	0.4
0.05882352941176471	0.08333333333333333	448	9	0.8
0.05882352941176471	0.08333333333333333	480	9	0.4
0.05882352941176471	0.08333333333333333	496	9	0.5
0.05882352941176471	0.08333333333333333	504	9	0.8
0.05882352941176471	0.08333333333333333	508	9	0.6
0.05882352941176471	0.08333333333333333	510	9	0.7
0.05882352941176471	0.08333333333333333	511	9	0.6
0.047619047619047616	0.08333333333333333	2	9	0.0
0.047619047619047616	0.08333333333333333	4	9	0.0
0.047619047619047616	0.08333333333333333	8	9	0.0
0.047619047619047616	0.08333333333333333	16	9	0.0
0.047619047619047616	0.08333333333333333	32	9	0.0
0.047619047619047616	0.08333333333333333	64	9	0.0
0.047619047619047616	0.08333333333333333	128	9	0.0
0.047619047619047616	0.08333333333333333	256	9	0.0
0.047619047619047616	0.08333333333333333	512	9	0.6
0.047619047619047616	0.08333333333333333	1024	9	1.0
0.047619047619047616	0.08333333333333333	768	9	1.0
0.047619047619047616	0.08333333333333333	640	9	0.9
0.047619047619047616	0.08333333333333333	576	9	1.0
0.047619047619047616	0.08333333333333333	544	9	1.0
0.047619047619047616	0.08333333333333333	528	9	0.7
0.047619047619047616	0.08333333333333333	536	9	0.9
0.047619047619047616	0.08333333333333333	532	9	0.7
0.047619047619047616	0.08333333333333333	534	9	0.9
0.047619047619047616	0.08333333333333333	533	9	0.7
0.04	0.08333333333333333	2	9	0.0
0.04	0.08333333333333333	4	9	0.0
0.04	0.08333333333333333	8	9	0.0
0.04	0.08333333333333333	16	9	0.0
0.04	0.08333333333333333	32	9	0.0
0.04	0.08333333333333333	64	9	0.0
0.04	0.08333333333333333	128	9	0.0
0.04	0.08333333333333333	256	9	0.0
0.04	0.08333333333333333	512	9	0.8
0.04	0.08333333333333333	1024	9	1.0
0.04	0.08333333333333333	768	9	1.0
0.04	0.08333333333333333	640	9	1.0
0.04	0.08333333333333333	576	9	1.0
0.04	0.08333333333333333	544	9	0.6
0.04	0.08333333333333333	560	9	0.9
0.04	0.08333333333333333	552	9	0.8
0.04	0.08333333333333333	556	9	0.9
0.04	0.08333333333333333	554	9	0.8
0.04	0.08333333333333333	555	9	0.9
0.03448275862068965	0.08333333333333333	2	9	0.0
0.03448275862068965	0.08333333333333333	4	9	0.0
0.03448275862068965	0.08333333333333333	8	9	0.0
0.03448275862068965	0.08333333333333333	16	9	0.0
0.03448275862068965	0.08333333333333333	32	9	0.0
0.03448275862068965	0.08333333333333333	64	9	0.0
0.03448275862068965	0.08333333333333333	128	9	0.0
0.03448275862068965	0.08333333333333333	256	9	0.1
0.03448275862068965	0.08333333333333333	512	9	1.0
0.03448275862068965	0.08333333333333333	384	9	0.3
0.03448275862068965	0.08333333333333333	448	9	0.8
0.03448275862068965	0.08333333333333333	480	9	0.7
0.03448275862068965	0.08333333333333333	496	9	0.6
0.03448275862068965	0.08333333333333333	504	9	0.6
0.03448275862068965	0.08333333333333333	508	9	0.6
0.03448275862068965	0.08333333333333333	510	9	0.8
0.03448275862068965	0.08333333333333333	511	9	0.7
0.030303030303030307	0.08333333333333333	2	9	0.0
0.030303030303030307	0.08333333333333333	4	9	0.0
0.030303030303030307	0.08333333333333333	8	9	0.0
0.030303030303030307	0.08333333333333333	16	9	0.0
0.030303030303030307	0.08333333333333333	32	9	0.0
0.030303030303030307	0.08333333333333333	64	9	0.0
0.030303030303030307	0.08333333333333333	128	9	0.0
0.030303030303030307	0.08333333333333333	256	9	0.1
0.030303030303030307	0.08333333333333333	512	9	0.5
0.030303030303030307	0.08333333333333333	1024	9	1.0
0.030303030303030307	0.08333333333333333	768	9	0.8
0.030303030303030307	0.08333333333333333	896	9	1.0
0.030303030303030307	0.08333333333333333	832	9	1.0
0.030303030303030307	0.08333333333333333	800	9	1.0
0.030303030303030307	0.08333333333333333	784	9	1.0
0.030303030303030307	0.08333333333333333	776	9	1.0
0.030303030303030307	0.08333333333333333	772	9	1.0
0.030303030303030307	0.08333333333333333	770	9	1.0
0.030303030303030307	0.08333333333333333	769	9	1.0
0.006666666666666667	0.08333333333333333	2	9	0.0
0.006666666666666667	0.08333333333333333	4	9	0.0
0.006666666666666667	0.08333333333333333	8	9	0.0
0.006666666666666667	0.08333333333333333	16	9	0.0
0.006666666666666667	0.08333333333333333	32	9	0.0
0.006666666666666667	0.08333333333333333	64	9	0.0
0.006666666666666667	0.08333333333333333	128	9	0.0
0.006666666666666667	0.08333333333333333	256	9	0.3
0.006666666666666667	0.08333333333333333	512	9	0.8
0.006666666666666667	0.08333333333333333	1024	9	1.0
0.006666666666666667	0.08333333333333333	768	9	1.0
0.006666666666666667	0.08333333333333333	640	9	1.0
0.006666666666666667	0.08333333333333333	576	9	1.0
0.006666666666666667	0.08333333333333333	544	9	1.0
0.006666666666666667	0.08333333333333333	528	9	0.9
0.006666666666666667	0.08333333333333333	520	9	0.7
0.006666666666666667	0.08333333333333333	524	9	0.9
0.006666666666666667	0.08333333333333333	522	9	0.8
0.006666666666666667	0.08333333333333333	523	9	1.0
0.0033333333333333327	0.08333333333333333	2	9	0.0
0.0033333333333333327	0.08333333333333333	4	9	0.0
0.0033333333333333327	0.08333333333333333	8	9	0.0
0.0033333333333333327	0.08333333333333333	16	9	0.0
0.0033333333333333327	0.08333333333333333	32	9	0.0
0.0033333333333333327	0.08333333333333333	64	9	0.0
0.0033333333333333327	0.08333333333333333	128	9	0.0
0.0033333333333333327	0.08333333333333333	256	9	0.0
0.0033333333333333327	0.08333333333333333	512	9	0.9
0.0033333333333333327	0.08333333333333333	384	9	0.5
0.0033333333333333327	0.08333333333333333	448	9	0.8
0.0033333333333333327	0.08333333333333333	480	9	0.8
0.0033333333333333327	0.08333333333333333	496	9	0.9
0.0033333333333333327	0.08333333333333333	488	9	0.7
0.0033333333333333327	0.08333333333333333	492	9	0.8
0.0033333333333333327	0.08333333333333333	494	9	0.8
0.0033333333333333327	0.08333333333333333	495	9	0.6
1.0	0.1	2	9	0.0
1.0	0.1	4	9	0.0
1.0	0.1	8	9	0.0
1.0	0.1	16	9	0.0
1.0	0.1	32	9	0.0
1.0	0.1	64	9	0.0
1.0	0.1	128	9	0.0
1.0	0.1	256	9	0.0
1.0	0.1	512	9	0.1
1.0	0.1	1024	9	0.9
1.0	0.1	768	9	0.4
1.0	0.1	896	9	0.9
1.0	0.1	832	9	0.6
1.0	0.1	864	9	0.5
1.0	0.1	880	9	0.6
1.0	0.1	888	9	0.7
1.0	0.1	892	9	0.7
1.0	0.1	894	9	1.0
1.0	0.1	893	9	0.8
0.5	0.1	2	9	0.0
0.5	0.1	4	9	0.0
0.5	0.1	8	9	0.0
0.5	0.1	16	9	0.0
0.5	0.1	32	9	0.0
0.5	0.1	64	9	0.0
0.5	0.1	128	9	0.0
0.5	0.1	256	9	0.0
0.5	0.1	512	9	0.3
0.5	0.1	1024	9	1.0
0.5	0.1	768	9	0.8
0.5	0.1	896	9	0.9
0.5	0.1	832	9	0.8
0.5	0.1	864	9	0.7
0.5	0.1	880	9	0.8
0.5	0.1	888	9	1.0
0.5	0.1	884	9	1.0
0.5	0.1	882	9	1.0
0.5	0.1	881	9	0.8
0.2	0.1	2	9	0.0
0.2	0.1	4	9	0.0
0.2	0.1	8	9	0.0
0.2	0.1	16	9	0.0
0.2	0.1	32	9	0.0
0.2	0.1	64	9	0.0
0.2	0.1	128	9	0.0
0.2	0.1	256	9	0.0
0.2	0.1	512	9	0.9
0.2	0.1	384	9	0.3
0.2	0.1	448	9	0.6
0.2	0.1	480	9	0.4
0.2	0.1	496	9	0.6
0.2	0.1	504	9	0.5
0.2	0.1	508	9	0.8
0.2	0.1	510	9	0.7
0.2	0.1	511	9	0.7
0.1111111111111111	0.1	2	9	0.0
0.1111111111111111	0.1	4	9	0.0
0.1111111111111111	0.1	8	9	0.0
0.1111111111111111	0.1	16	9	0.0
0.1111111111111111	0.1	32	9	0.0
0.1111111111111111	0.1	64	9	0.0
0.1111111111111111	0.1	128	9	0.0
0.1111111111111111	0.1	256	9	0.1
0.1111111111111111	0.1	512	9	0.9
0.1111111111111111	0.1	384	9	0.5
0.1111111111111111	0.1	448	9	0.7
0.1111111111111111	0.1	480	9	0.7
0.1111111111111111	0.1	496	9	0.8
0.1111111111111111	0.1	504	9	0.7
0.1111111111111111	0.1	508	9	0.8
0.1111111111111111	0.1	510	9	0.8
0.1111111111111111	0.1	511	9	0.8
0.07692307692307693	0.1	2	9	0.0
0.07692307692307693	0.1	4	9	0.0
0.07692307692307693	0.1	8	9	0.0
0.07692307692307693	0.1	16	9	0.0
0.07692307692307693	0.1	32	9	0.0
0.07692307692307693	0.1	64	9	0.0
0.07692307692307693	0.1	128	9	0.0
0.07692307692307693	0.1	256	9	0.0
0.07692307692307693	0.1	512	9	1.0
0.07692307692307693	0.1	384	9	0.5
0.07692307692307693	0.1	448	9	0.8
0.07692307692307693	0.1	480	9	0.6
0.07692307692307693	0.1	496	9	0.9
0.07692307692307693	0.1	488	9	0.7
0.07692307692307693	0.1	492	9	0.7
0.07692307692307693	0.1	494	9	0.7
0.07692307692307693	0.1	495	9	0.8
0.05882352941176471	0.1	2	9	0.0
0.05882352941176471	0.1	4	9	0.0
0.05882352941176471	0.1	8	9	0.0
0.05882352941176471	0.1	16	9	0.0
0.05882352941176471	0.1	32	9	0.0
0.05882352941176471	0.1	64	9	0.0
0.05882352941176471	0.1	128	9	0.0
0.05882352941176471	0.1	256	9	0.1
0.05882352941176471	0.1	512	9	0.8
0.05882352941176471	0.1	1024	9	1.0
0.05882352941176471	0.1	768	9	1.0
0.05882352941176471	0.1	640	9	1.0
0.05882352941176471	0.1	576	9	0.9
0.05882352941176471	0.1	544	9	0.9
0.05882352941176471	0.1	528	9	0.7
0.05882352941176471	0.1	536	9	1.0
0.05882352941176471	0.1	532	9	0.9
0.05882352941176471	0.1	530	9	0.8
0.05882352941176471	0.1	531	9	1.0
0.047619047619047616	0.1	2	9	0.0
0.047619047619047616	0.1	4	9	0.0
0.047619047619047616	0.1	8	9	0.0
0.047619047619047616	0.1	16	9	0.0
0.047619047619047616	0.1	32	9	0.0
0.047619047619047616	0.1	64	9	0.0
0.047619047619047616	0.1	128	9	0.0
0.047619047619047616	0.1	256	9	0.0
0.047619047619047616	0.1	512	9	0.8
0.047619047619047616	0.1	1024	9	1.0
0.047619047619047616	0.1	768	9	1.0
0.047619047619047616	0.1	640	9	1.0
0.047619047619047616	0.1	576	9	0.8
0.047619047619047616	0.1	608	9	0.9
0.047619047619047616	0.1	592	9	1.0
0.047619047619047616	0.1	584	9	0.8
0.047619047619047616	0.1	588	9	0.9
0.047619047619047616	0.1	586	9	1.0
0.047619047619047616	0.1	585	9	0.8
0.04	0.1	2	9	0.0
0.04	0.1	4	9	0.0
0.04	0.1	8	9	0.0
0.04	0.1	16	9	0.0
0.04	0.1	32	9	0.0
0.04	0.1	64	9	0.0
0.04	0.1	128	9	0.0
0.04	0.1	256	9	0.3
0.04	0.1	512	9	0.8
0.04	0.1	1024	9	1.0
0.04	0.1	768	9	1.0
0.04	0.1	640	9	0.9
0.04	0.1	576	9	1.0
0.04	0.1	544	9	0.9
0.04	0.1	528	9	1.0
0.04	0.1	520	9	0.7
0.04	0.1	524	9	0.9
0.04	0.1	522	9	0.8
0.04	0.1	523	9	1.0
0.03448275862068965	0.1	2	9	0.0
0.03448275862068965	0.1	4	9	0.0
0.03448275862068965	0.1	8	9	0.0
0.03448275862068965	0.1	16	9	0.0
0.03448275862068965	0.1	32	9	0.0
0.03448275862068965	0.1	64	9	0.0
0.03448275862068965	0.1	128	9	0.0
0.03448275862068965	0.1	256	9	0.5
0.03448275862068965	0.1	512	9	0.8
0.03448275862068965	0.1	1024	9	1.0
0.03448275862068965	0.1	768	9	0.9
0.03448275862068965	0.1	640	9	1.0
0.03448275862068965	0.1	576	9	1.0
0.03448275862068965	0.1	544	9	0.8
0.03448275862068965	0.1	560	9	0.9
0.03448275862068965	0.1	552	9	0.8
0.03448275862068965	0.1	556	9	1.0
0.03448275862068965	0.1	554	9	0.9
0.03448275862068965	0.1	553	9	0.9
0.030303030303030307	0.1	2	9	0.0
0.030303030303030307	0.1	4	9	0.0
0.030303030303030307	0.1	8	9	0.0
0.030303030303030307	0.1	16	9	0.0
0.030303030303030307	0.1	32	9	0.0
0.030303030303030307	0.1	64	9	0.0
0.030303030303030307	0.1	128	9	0.0
0.030303030303030307	0.1	256	9	0.3
0.030303030303030307	0.1	512	9	0.6
0.030303030303030307	0.1	1024	9	1.0
0.030303030303030307	0.1	768	9	0.9
0.030303030303030307	0.1	640	9	1.0
0.030303030303030307	0.1	576	9	0.9
0.030303030303030307	0.1	544	9	0.8
0.030303030303030307	0.1	560	9	0.9
0.030303030303030307	0.1	552	9	0.9
0.030303030303030307	0.1	548	9	0.9
0.030303030303030307	0.1	546	9	1.0
0.030303030303030307	0.1	545	9	0.9
0.006666666666666667	0.1	2	9	0.0
0.006666666666666667	0.1	4	9	0.0
0.006666666666666667	0.1	8	9	0.0
0.006666666666666667	0.1	16	9	0.0
0.006666666666666667	0.1	32	9	0.0
0.006666666666666667	0.1	64	9	0.0
0.006666666666666667	0.1	128	9	0.0
0.006666666666666667	0.1	256	9	0.3
0.006666666666666667	0.1	512	9	1.0
0.006666666666666667	0.1	384	9	0.6
0.006666666666666667	0.1	448	9	1.0
0.006666666666666667	0.1	416	9	0.8
0.006666666666666667	0.1	432	9	0.8
0.006666666666666667	0.1	440	9	0.8
0.006666666666666667	0.1	444	9	0.9
0.006666666666666667	0.1	442	9	1.0
0.006666666666666667	0.1	441	9	1.0
0.0033333333333333327	0.1	2	9	0.0
0.0033333333333333327	0.1	4	9	0.0
0.0033333333333333327	0.1	8	9	0.0
0.0033333333333333327	0.1	16	9	0.0
0.0033333333333333327	0.1	32	9	0.0
0.0033333333333333327	0.1	64	9	0.0
0.0033333333333333327	0.1	128	9	0.0
0.0033333333333333327	0.1	256	9	0.2
0.0033333333333333327	0.1	512	9	1.0
0.0033333333333333327	0.1	384	9	0.5
0.0033333333333333327	0.1	448	9	0.8
0.0033333333333333327	0.1	480	9	1.0
0.0033333333333333327	0.1	464	9	0.9
0.0033333333333333327	0.1	456	9	1.0
0.0033333333333333327	0.1	452	9	0.8
0.0033333333333333327	0.1	454	9	0.8
0.0033333333333333327	0.1	455	9	0.6
1.0	0.125	2	9	0.0
1.0	0.125	4	9	0.0
1.0	0.125	8	9	0.0
1.0	0.125	16	9	0.0
1.0	0.125	32	9	0.0
1.0	0.125	64	9	0.0
1.0	0.125	128	9	0.0
1.0	0.125	256	9	0.0
1.0	0.125	512	9	0.2
1.0	0.125	1024	9	0.9
1.0	0.125	768	9	0.4
1.0	0.125	896	9	0.9
1.0	0.125	832	9	0.8
1.0	0.125	864	9	0.6
1.0	0.125	880	9	0.9
1.0	0.125	872	9	0.7
1.0	0.125	876	9	0.8
1.0	0.125	878	9	0.7
1.0	0.125	879	9	0.5
0.5	0.125	2	9	0.0
0.5	0.125	4	9	0.0
0.5	0.125	8	9	0.0
0.5	0.125	16	9	0.0
0.5	0.125	32	9	0.0
0.5	0.125	64	9	0.0
0.5	0.125	128	9	0.0
0.5	0.125	256	9	0.2
0.5	0.125	512	9	0.6
0.5	0.125	1024	9	1.0
0.5	0.125	768	9	1.0
0.5	0.125	640	9	0.9
0.5	0.125	576	9	0.9
0.5	0.125	544	9	0.4
0.5	0.125	560	9	0.8
0.5	0.125	568	9	0.7
0.5	0.125	572	9	0.9
0.5	0.125	570	9	0.7
0.5	0.125	571	9	0.8
0.2	0.125	2	9	0.0
0.2	0.125	4	9	0.0
0.2	0.125	8	9	0.0
0.2	0.125	16	9	0.0
0.2	0.125	32	9	0.0
0.2	0.125	64	9	0.0
0.2	0.125	128	9	0.0
0.2	0.125	256	9	0.2
0.2	0.125	512	9	0.9
0.2	0.125	384	9	0.5
0.2	0.125	448	9	0.8
0.2	0.125	480	9	0.8
0.2	0.125	496	9	1.0
0.2	0.125	488	9	0.9
0.2	0.125	484	9	0.9
0.2	0.125	482	9	1.0
0.2	0.125	481	9	0.7
0.1111111111111111	0.125	2	9	0.0
0.1111111111111111	0.125	4	9	0.0
0.1111111111111111	0.125	8	9	0.0
0.1111111111111111	0.125	16	9	0.0
0.1111111111111111	0.125	32	9	0.0
0.1111111111111111	0.125	64	9	0.0
0.1111111111111111	0.125	128	9	0.0
0.1111111111111111	0.125	256	9	0.1
0.1111111111111111	0.125	512	9	0.9
0.1111111111111111	0.125	384	9	0.7
0.1111111111111111	0.125	448	9	0.8
0.1111111111111111	0.125	480	9	0.9
0.1111111111111111	0.125	464	9	0.9
0.1111111111111111	0.125	456	9	0.9
0.1111111111111111	0.125	452	9	0.9
0.1111111111111111	0.125	450	9	0.6
0.1111111111111111	0.125	451	9	0.9
0.07692307692307693	0.125	2	9	0.0
0.07692307692307693	0.125	4	9	0.0
0.07692307692307693	0.125	8	9	0.0
0.07692307692307693	0.125	16	9	0.0
0.07692307692307693	0.125	32	9	0.0
0.07692307692307693	0.125	64	9	0.0
0.07692307692307693	0.125	128	9	0.0
0.07692307692307693	0.125	256	9	0.5
0.07692307692307693	0.125	512	9	0.9
0.07692307692307693	0.125	384	9	0.7
0.07692307692307693	0.125	448	9	0.8
0.07692307692307693	0.125	480	9	1.0
0.07692307692307693	0.125	464	9	0.9
0.07692307692307693	0.125	456	9	0.9
0.07692307692307693	0.125	452	9	1.0
0.07692307692307693	0.125	450	9	0.8
0.07692307692307693	0.125	451	9	0.9
0.05882352941176471	0.125	2	9	0.0
0.05882352941176471	0.125	4	9	0.0
0.05882352941176471	0.125	8	9	0.0
0.05882352941176471	0.125	16	9	0.0
0.05882352941176471	0.125	32	9	0.0
0.05882352941176471	0.125	64	9	0.0
0.05882352941176471	0.125	128	9	0.0
0.05882352941176471	0.125	256	9	0.3
0.05882352941176471	0.125	512	9	0.9
0.05882352941176471	0.125	384	9	1.0
0.05882352941176471	0.125	320	9	0.2
0.05882352941176471	0.125	352	9	0.6
0.05882352941176471	0.125	368	9	0.7
0.05882352941176471	0.125	376	9	0.9
0.05882352941176471	0.125	372	9	0.7
0.05882352941176471	0.125	374	9	0.8
0.05882352941176471	0.125	375	9	1.0
0.047619047619047616	0.125	2	9	0.0
0.047619047619047616	0.125	4	9	0.0
0.047619047619047616	0.125	8	9	0.0
0.047619047619047616	0.125	16	9	0.0
0.047619047619047616	0.125	32	9	0.0
0.047619047619047616	0.125	64	9	0.0
0.047619047619047616	0.125	128	9	0.0
0.047619047619047616	0.125	256	9	0.1
0.047619047619047616	0.125	512	9	0.8
0.047619047619047616	0.125	1024	9	1.0
0.047619047619047616	0.125	768	9	1.0
0.047619047619047616	0.125	640	9	1.0
0.047619047619047616	0.125	576	9	1.0
0.047619047619047616	0.125	544	9	1.0
0.047619047619047616	0.125	528	9	1.0
0.047619047619047616	0.125	520	9	1.0
0.047619047619047616	0.125	516	9	1.0
0.047619047619047616	0.125	514	9	1.0
0.047619047619047616	0.125	513	9	1.0
0.04	0.125	2	9	0.0
0.04	0.125	4	9	0.0
0.04	0.125	8	9	0.0
0.04	0.125	16	9	0.0
0.04	0.125	32	9	0.0
0.04	0.125	64	9	0.0
0.04	0.125	128	9	0.0
0.04	0.125	256	9	0.4
0.04	0.125	512	9	0.9
0.04	0.125	384	9	0.5
0.04	0.125	448	9	0.9
0.04	0.125	416	9	1.0
0.04	0.125	400	9	1.0
0.04	0.125	392	9	0.8
0.04	0.125	396	9	0.7
0.04	0.125	398	9	1.0
0.04	0.125	397	9	0.9
0.03448275862068965	0.125	2	9	0.0
0.03448275862068965	0.125	4	9	0.0
0.03448275862068965	0.125	8	9	0.0
0.03448275862068965	0.125	16	9	0.0
0.03448275862068965	0.125	32	9	0.0
0.03448275862068965	0.125	64	9	0.0
0.03448275862068965	0.125	128	9	0.0
0.03448275862068965	0.125	256	9	0.3
0.03448275862068965	0.125	512	9	1.0
0.03448275862068965	0.125	384	9	1.0
0.03448275862068965	0.125	320	9	0.9
0.03448275862068965	0.125	288	9	0.5
0.03448275862068965	0.125	304	9	0.5
0.03448275862068965	0.125	312	9	0.6
0.03448275862068965	0.125	316	9	0.4
0.03448275862068965	0.125	318	9	0.8
0.03448275862068965	0.125	319	9	0.7
0.030303030303030307	0.125	2	9	0.0
0.030303030303030307	0.125	4	9	0.0
0.030303030303030307	0.125	8	9	0.0
0.030303030303030307	0.125	16	9	0.0
0.030303030303030307	0.125	32	9	0.0
0.030303030303030307	0.125	64	9	0.0
0.030303030303030307	0.125	128	9	0.0
0.030303030303030307	0.125	256	9	0.5
0.030303030303030307	0.125	512	9	1.0
0.030303030303030307	0.125	384	9	0.9
0.030303030303030307	0.125	320	9	0.5
0.030303030303030307	0.125	352	9	0.5
0.030303030303030307	0.125	368	9	0.9
0.030303030303030307	0.125	360	9	0.9
0.030303030303030307	0.125	356	9	0.9
0.030303030303030307	0.125	354	9	0.7
0.030303030303030307	0.125	355	9	0.8
0.006666666666666667	0.125	2	9	0.0
0.006666666666666667	0.125	4	9	0.0
0.006666666666666667	0.125	8	9	0.0
0.006666666666666667	0.125	16	9	0.0
0.006666666666666667	0.125	32	9	0.0
0.006666666666666667	0.125	64	9	0.0
0.006666666666666667	0.125	128	9	0.0
0.006666666666666667	0.125	256	9	0.5
0.006666666666666667	0.125	512	9	0.9
0.006666666666666667	0.125	384	9	0.8
0.006666666666666667	0.125	448	9	1.0
0.006666666666666667	0.125	416	9	0.8
0.006666666666666667	0.125	432	9	1.0
0.006666666666666667	0.125	424	9	0.8
0.006666666666666667	0.125	428	9	0.8
0.006666666666666667	0.125	430	9	0.8
0.006666666666666667	0.125	431	9	1.0
0.0033333333333333327	0.125	2	9	0.0
0.0033333333333333327	0.125	4	9	0.0
0.0033333333333333327	0.125	8	9	0.0
0.0033333333333333327	0.125	16	9	0.0
0.0033333333333333327	0.125	32	9	0.0
0.0033333333333333327	0.125	64	9	0.0
0.0033333333333333327	0.125	128	9	0.0
0.0033333333333333327	0.125	256	9	0.7
0.0033333333333333327	0.125	512	9	1.0
0.0033333333333333327	0.125	384	9	0.9
0.0033333333333333327	0.125	320	9	0.6
0.0033333333333333327	0.125	352	9	0.8
0.0033333333333333327	0.125	368	9	0.7
0.0033333333333333327	0.125	376	9	0.8
0.0033333333333333327	0.125	380	9	1.0
0.0033333333333333327	0.125	378	9	0.8
0.0033333333333333327	0.125	379	9	0.9
1.0	0.16666666666666666	2	9	0.0
1.0	0.16666666666666666	4	9	0.0
1.0	0.16666666666666666	8	9	0.0
1.0	0.16666666666666666	16	9	0.0
1.0	0.16666666666666666	32	9	0.0
1.0	0.16666666666666666	64	9	0.0
1.0	0.16666666666666666	128	9	0.0
1.0	0.16666666666666666	256	9	0.0
1.0	0.16666666666666666	512	9	0.4
1.0	0.16666666666666666	1024	9	0.7
1.0	0.16666666666666666	2048	9	1.0
1.0	0.16666666666666666	1536	9	1.0
1.0	0.16666666666666666	1280	9	1.0
1.0	0.16666666666666666	1152	9	0.9
1.0	0.16666666666666666	1088	9	0.9
1.0	0.16666666666666666	1056	9	0.9
1.0	0.16666666666666666	1040	9	0.9
1.0	0.16666666666666666	1032	9	0.8
1.0	0.16666666666666666	1036	9	0.9
1.0	0.16666666666666666	1034	9	1.0
1.0	0.16666666666666666	1033	9	0.9
0.5	0.16666666666666666	2	9	0.0
0.5	0.16666666666666666	4	9	0.0
0.5	0.16666666666666666	8	9	0.0
0.5	0.16666666666666666	16	9	0.0
0.5	0.16666666666666666	32	9	0.0
0.5	0.16666666666666666	64	9	0.0
0.5	0.16666666666666666	128	9	0.0
0.5	0.16666666666666666	256	9	0.0
0.5	0.16666666666666666	512	9	0.8
0.5	0.16666666666666666	1024	9	1.0
0.5	0.16666666666666666	768	9	0.9
0.5	0.16666666666666666	640	9	0.9
0.5	0.16666666666666666	576	9	0.8
0.5	0.16666666666666666	608	9	0.8
0.5	0.16666666666666666	624	9	0.9
0.5	0.16666666666666666	616	9	0.8
0.5	0.16666666666666666	620	9	0.9
0.5	0.16666666666666666	618	9	1.0
0.5	0.16666666666666666	617	9	0.9
0.2	0.16666666666666666	2	9	0.0
0.2	0.16666666666666666	4	9	0.0
0.2	0.16666666666666666	8	9	0.0
0.2	0.16666666666666666	16	9	0.0
0.2	0.16666666666666666	32	9	0.0
0.2	0.16666666666666666	64	9	0.0
0.2	0.16666666666666666	128	9	0.0
0.2	0.16666666666666666	256	9	0.6
0.2	0.16666666666666666	512	9	1.0
0.2	0.16666666666666666	384	9	0.8
0.2	0.16666666666666666	448	9	0.8
0.2	0.16666666666666666	480	9	0.8
0.2	0.16666666666666666	496	9	0.9
0.2	0.16666666666666666	488	9	1.0
0.2	0.16666666666666666	484	9	0.9
0.2	0.16666666666666666	482	9	0.9
0.2	0.16666666666666666	481	9	1.0
0.1111111111111111	0.16666666666666666	2	9	0.0
0.1111111111111111	0.16666666666666666	4	9	0.0
0.1111111111111111	0.16666666666666666	8	9	0.0
0.1111111111111111	0.16666666666666666	16	9	0.0
0.1111111111111111	0.16666666666666666	32	9	0.0
0.1111111111111111	0.16666666666666666	64	9	0.0
0.1111111111111111	0.16666666666666666	128	9	0.0
0.1111111111111111	0.16666666666666666	256	9	0.4
0.1111111111111111	0.16666666666666666	512	9	0.8
0.1111111111111111	0.16666666666666666	1024	9	1.0
0.1111111111111111	0.16666666666666666	768	9	1.0
0.1111111111111111	0.16666666666666666	640	9	1.0
0.1111111111111111	0.16666666666666666	576	9	1.0
0.1111111111111111	0.16666666666666666	544	9	1.0
0.1111111111111111	0.16666666666666666	528	9	1.0
0.1111111111111111	0.16666666666666666	520	9	1.0
0.1111111111111111	0.16666666666666666	516	9	1.0
0.1111111111111111	0.16666666666666666	514	9	0.8
0.1111111111111111	0.16666666666666666	515	9	1.0
0.07692307692307693	0.16666666666666666	2	9	0.0
0.07692307692307693	0.16666666666666666	4	9	0.0
0.07692307692307693	0.16666666666666666	8	9	0.0
0.07692307692307693	0.16666666666666666	16	9	0.0
0.07692307692307693	0.16666666666666666	32	9	0.0
0.07692307692307693	0.16666666666666666	64	9	0.0
0.07692307692307693	0.16666666666666666	128	9	0.0
0.07692307692307693	0.16666666666666666	256	9	0.5
0.07692307692307693	0.16666666666666666	512	9	1.0
0.07692307692307693	0.16666666666666666	384	9	0.9
0.07692307692307693	0.16666666666666666	320	9	0.8
0.07692307692307693	0.16666666666666666	352	9	0.9
0.07692307692307693	0.16666666666666666	336	9	0.8
0.07692307692307693	0.16666666666666666	344	9	0.8
0.07692307692307693	0.16666666666666666	348	9	0.9
0.07692307692307693	0.16666666666666666	346	9	1.0
0.07692307692307693	0.16666666666666666	345	9	1.0
0.05882352941176471	0.16666666666666666	2	9	0.0
0.05882352941176471	0.16666666666666666	4	9	0.0
0.05882352941176471	0.16666666666666666	8	9	0.0
0.05882352941176471	0.16666666666666666	16	9	0.0
0.05882352941176471	0.16666666666666666	32	9	0.0
0.05882352941176471	0.16666666666666666	64	9	0.0
0.05882352941176471	0.16666666666666666	128	9	0.1
0.05882352941176471	0.16666666666666666	256	9	0.4
0.05882352941176471	0.16666666666666666	512	9	1.0
0.05882352941176471	0.16666666666666666	384	9	0.9
0.05882352941176471	0.16666666666666666	320	9	0.8
0.05882352941176471	0.16666666666666666	352	9	0.9
0.05882352941176471	0.16666666666666666	336	9	0.9
0.05882352941176471	0.16666666666666666	328	9	0.7
0.05882352941176471	0.16666666666666666	332	9	0.9
0.05882352941176471	0.16666666666666666	330	9	0.9
0.05882352941176471	0.16666666666666666	329	9	0.7
0.047619047619047616	0.16666666666666666	2	9	0.0
0.047619047619047616	0.16666666666666666	4	9	0.0
0.047619047619047616	0.16666666666666666	8	9	0.0
0.047619047619047616	0.16666666666666666	16	9	0.0
0.047619047619047616	0.16666666666666666	32	9	0.0
0.047619047619047616	0.16666666666666666	64	9	0.0
0.047619047619047616	0.16666666666666666	128	9	0.0
0.047619047619047616	0.16666666666666666	256	9	0.8
0.047619047619047616	0.16666666666666666	512	9	1.0
0.047619047619047616	0.16666666666666666	384	9	1.0
0.047619047619047616	0.16666666666666666	320	9	0.8
0.047619047619047616	0.16666666666666666	352	9	0.9
0.047619047619047616	0.16666666666666666	336	9	0.9
0.047619047619047616	0.16666666666666666	328	9	0.9
0.047619047619047616	0.16666666666666666	324	9	0.9
0.047619047619047616	0.16666666666666666	322	9	0.8
0.047619047619047616	0.16666666666666666	323	9	0.9
0.04	0.16666666666666666	2	9	0.0
0.04	0.16666666666666666	4	9	0.0
0.04	0.16666666666666666	8	9	0.0
0.04	0.16666666666666666	16	9	0.0
0.04	0.16666666666666666	32	9	0.0
0.04	0.16666666666666666	64	9	0.0
0.04	0.16666666666666666	128	9	0.1
0.04	0.16666666666666666	256	9	0.7
0.04	0.16666666666666666	512	9	1.0
0.04	0.16666666666666666	384	9	0.9
0.04	0.16666666666666666	320	9	1.0
0.04	0.16666666666666666	288	9	0.6
0.04	0.16666666666666666	304	9	0.8
0.04	0.16666666666666666	312	9	0.8
0.04	0.16666666666666666	316	9	1.0
0.04	0.16666666666666666	314	9	0.8
0.04	0.16666666666666666	315	9	0.9
0.03448275862068965	0.16666666666666666	2	9	0.0
0.03448275862068965	0.16666666666666666	4	9	0.0
0.03448275862068965	0.16666666666666666	8	9	0.0
0.03448275862068965	0.16666666666666666	16	9	0.0
0.03448275862068965	0.16666666666666666	32	9	0.0
0.03448275862068965	0.16666666666666666	64	9	0.0
0.03448275862068965	0.16666666666666666	128	9	0.0
0.03448275862068965	0.16666666666666666	256	9	0.8
0.03448275862068965	0.16666666666666666	512	9	1.0
0.03448275862068965	0.16666666666666666	384	9	1.0
0.03448275862068965	0.16666666666666666	320	9	0.7
0.03448275862068965	0.16666666666666666	352	9	0.8
0.03448275862068965	0.16666666666666666	368	9	0.9
0.03448275862068965	0.16666666666666666	360	9	1.0
0.03448275862068965	0.16666666666666666	356	9	0.9
0.03448275862068965	0.16666666666666666	354	9	1.0
0.03448275862068965	0.16666666666666666	353	9	0.7
0.030303030303030307	0.16666666666666666	2	9	0.0
0.030303030303030307	0.16666666666666666	4	9	0.0
0.030303030303030307	0.16666666666666666	8	9	0.0
0.030303030303030307	0.16666666666666666	16	9	0.0
0.030303030303030307	0.16666666666666666	32	9	0.0
0.030303030303030307	0.16666666666666666	64	9	0.0
0.030303030303030307	0.16666666666666666	128	9	0.0
0.030303030303030307	0.16666666666666666	256	9	0.8
0.030303030303030307	0.16666666666666666	512	9	1.0
0.030303030303030307	0.16666666666666666	384	9	0.9
0.030303030303030307	0.16666666666666666	320	9	1.0
0.030303030303030307	0.16666666666666666	288	9	0.8
0.030303030303030307	0.16666666666666666	304	9	0.9
0.030303030303030307	0.16666666666666666	296	9	0.8
0.030303030303030307	0.16666666666666666	300	9	0.6
0.030303030303030307	0.16666666666666666	302	9	0.9
0.030303030303030307	0.16666666666666666	301	9	0.8
0.006666666666666667	0.16666666666666666	2	9	0.0
0.006666666666666667	0.16666666666666666	4	9	0.0
0.006666666666666667	0.16666666666666666	8	9	0.0
0.006666666666666667	0.16666666666666666	16	9	0.0
0.006666666666666667	0.16666666666666666	32	9	0.0
0.006666666666666667	0.16666666666666666	64	9	0.0
0.006666666666666667	0.16666666666666666	128	9	0.1
0.006666666666666667	0.16666666666666666	256	9	0.9
0.006666666666666667	0.16666666666666666	192	9	0.2
0.006666666666666667	0.16666666666666666	224	9	0.7
0.006666666666666667	0.16666666666666666	240	9	0.8
0.006666666666666667	0.16666666666666666	248	9	0.9
0.006666666666666667	0.16666666666666666	244	9	0.8
0.006666666666666667	0.16666666666666666	246	9	0.8
0.006666666666666667	0.16666666666666666	247	9	0.7
0.0033333333333333327	0.16666666666666666	2	9	0.0
0.0033333333333333327	0.16666666666666666	4	9	0.0
0.0033333333333333327	0.16666666666666666	8	9	0.0
0.0033333333333333327	0.16666666666666666	16	9	0.0
0.0033333333333333327	0.16666666666666666	32	9	0.0
0.0033333333333333327	0.16666666666666666	64	9	0.0
0.0033333333333333327	0.16666666666666666	128	9	0.2
0.0033333333333333327	0.16666666666666666	256	9	0.7
0.0033333333333333327	0.16666666666666666	512	9	1.0
0.0033333333333333327	0.16666666666666666	384	9	1.0
0.0033333333333333327	0.16666666666666666	320	9	1.0
0.0033333333333333327	0.16666666666666666	288	9	1.0
0.0033333333333333327	0.16666666666666666	272	9	1.0
0.0033333333333333327	0.16666666666666666	264	9	0.9
0.0033333333333333327	0.16666666666666666	260	9	0.9
0.0033333333333333327	0.16666666666666666	258	9	0.7
0.0033333333333333327	0.16666666666666666	259	9	1.0
1.0	0.25	2	9	0.0
1.0	0.25	4	9	0.0
1.0	0.25	8	9	0.0
1.0	0.25	16	9	0.0
1.0	0.25	32	9	0.0
1.0	0.25	64	9	0.0
1.0	0.25	128	9	0.0
1.0	0.25	256	9	0.0
1.0	0.25	512	9	0.6
1.0	0.25	1024	9	1.0
1.0	0.25	768	9	0.9
1.0	0.25	640	9	0.9
1.0	0.25	576	9	0.5
1.0	0.25	608	9	0.4
1.0	0.25	624	9	0.6
1.0	0.25	632	9	0.7
1.0	0.25	636	9	0.8
1.0	0.25	638	9	0.7
1.0	0.25	639	9	0.5
0.5	0.25	2	9	0.0
0.5	0.25	4	9	0.0
0.5	0.25	8	9	0.0
0.5	0.25	16	9	0.0
0.5	0.25	32	9	0.0
0.5	0.25	64	9	0.0
0.5	0.25	128	9	0.1
0.5	0.25	256	9	0.2
0.5	0.25	512	9	0.8
0.5	0.25	1024	9	1.0
0.5	0.25	768	9	1.0
0.5	0.25	640	9	1.0
0.5	0.25	576	9	0.8
0.5	0.25	608	9	0.9
0.5	0.25	592	9	0.9
0.5	0.25	584	9	0.9
0.5	0.25	580	9	0.8
0.5	0.25	582	9	0.9
0.5	0.25	581	9	1.0
0.2	0.25	2	9	0.0
0.2	0.25	4	9	0.0
0.2	0.25	8	9	0.0
0.2	0.25	16	9	0.0
0.2	0.25	32	9	0.0
0.2	0.25	64	9	0.0
0.2	0.25	128	9	0.0
0.2	0.25	256	9	0.5
0.2	0.25	512	9	1.0
0.2	0.25	384	9	1.0
0.2	0.25	320	9	0.8
0.2	0.25	352	9	0.9
0.2	0.25	336	9	0.7
0.2	0.25	344	9	0.9
0.2	0.25	340	9	0.8
0.2	0.25	342	9	0.9
0.2	0.25	341	9	1.0
0.1111111111111111	0.25	2	9	0.0
0.1111111111111111	0.25	4	9	0.0
0.1111111111111111	0.25	8	9	0.0
0.1111111111111111	0.25	16	9	0.0
0.1111111111111111	0.25	32	9	0.0
0.1111111111111111	0.25	64	9	0.0
0.1111111111111111	0.25	128	9	0.0
0.1111111111111111	0.25	256	9	0.9
0.1111111111111111	0.25	192	9	0.5
0.1111111111111111	0.25	224	9	0.4
0.1111111111111111	0.25	240	9	0.8
0.1111111111111111	0.25	248	9	0.9
0.1111111111111111	0.25	244	9	0.9
0.1111111111111111	0.25	242	9	0.8
0.1111111111111111	0.25	243	9	1.0
0.07692307692307693	0.25	2	9	0.0
0.07692307692307693	0.25	4	9	0.0
0.07692307692307693	0.25	8	9	0.0
0.07692307692307693	0.25	16	9	0.0
0.07692307692307693	0.25	32	9	0.0
0.07692307692307693	0.25	64	9	0.0
0.07692307692307693	0.25	128	9	0.2
0.07692307692307693	0.25	256	9	0.9
0.07692307692307693	0.25	192	9	0.5
0.07692307692307693	0.25	224	9	0.9
0.07692307692307693	0.25	208	9	0.8
0.07692307692307693	0.25	216	9	1.0
0.07692307692307693	0.25	212	9	0.3
0.07692307692307693	0.25	214	9	0.9
0.07692307692307693	0.25	213	9	0.7
0.05882352941176471	0.25	2	9	0.0
0.05882352941176471	0.25	4	9	0.0
0.05882352941176471	0.25	8	9	0.0
0.05882352941176471	0.25	16	9	0.0
0.05882352941176471	0.25	32	9	0.0
0.05882352941176471	0.25	64	9	0.0
0.05882352941176471	0.25	128	9	0.3
0.05882352941176471	0.25	256	9	0.8
0.05882352941176471	0.25	512	9	1.0
0.05882352941176471	0.25	384	9	1.0
0.05882352941176471	0.25	320	9	0.8
0.05882352941176471	0.25	352	9	1.0
0.05882352941176471	0.25	336	9	0.8
0.05882352941176471	0.25	344	9	1.0
0.05882352941176471	0.25	340	9	1.0
0.05882352941176471	0.25	338	9	1.0
0.05882352941176471	0.25	337	9	1.0
0.047619047619047616	0.25	2	9	0.0
0.047619047619047616	0.25	4	9	0.0
0.047619047619047616	0.25	8	9	0.0
0.047619047619047616	0.25	16	9	0.0
0.047619047619047616	0.25	32	9	0.0
0.047619047619047616	0.25	64	9	0.0
0.047619047619047616	0.25	128	9	0.6
0.047619047619047616	0.25	256	9	1.0
0.047619047619047616	0.25	192	9	0.6
0.047619047619047616	0.25	224	9	0.9
0.047619047619047616	0.25	208	9	0.7
0.047619047619047616	0.25	216	9	0.8
0.047619047619047616	0.25	220	9	0.9
0.047619047619047616	0.25	218	9	0.8
0.047619047619047616	0.25	219	9	0.7
0.04	0.25	2	9	0.0
0.04	0.25	4	9	0.0
0.04	0.25	8	9	0.0
0.04	0.25	16	9	0.0
0.04	0.25	32	9	0.0
0.04	0.25	64	9	0.1
0.04	0.25	128	9	0.2
0.04	0.25	256	9	1.0
0.04	0.25	192	9	0.7
0.04	0.25	224	9	0.9
0.04	0.25	208	9	0.7
0.04	0.25	216	9	1.0
0.04	0.25	212	9	0.7
0.04	0.25	214	9	0.7
0.04	0.25	215	9	0.8
0.03448275862068965	0.25	2	9	0.0
0.03448275862068965	0.25	4	9	0.0
0.03448275862068965	0.25	8	9	0.0
0.03448275862068965	0.25	16	9	0.0
0.03448275862068965	0.25	32	9	0.0
0.03448275862068965	0.25	64	9	0.0
0.03448275862068965	0.25	128	9	0.1
0.03448275862068965	0.25	256	9	0.9
0.03448275862068965	0.25	192	9	0.9
0.03448275862068965	0.25	160	9	0.3
0.03448275862068965	0.25	176	9	0.6
0.03448275862068965	0.25	184	9	0.8
0.03448275862068965	0.25	188	9	0.4
0.03448275862068965	0.25	190	9	0.3
0.03448275862068965	0.25	191	9	0.9
0.030303030303030307	0.25	2	9	0.0
0.030303030303030307	0.25	4	9	0.0
0.030303030303030307	0.25	8	9	0.0
0.030303030303030307	0.25	16	9	0.0
0.030303030303030307	0.25	32	9	0.0
0.030303030303030307	0.25	64	9	0.0
0.030303030303030307	0.25	128	9	0.2
0.030303030303030307	0.25	256	9	1.0
0.030303030303030307	0.25	192	9	0.8
0.030303030303030307	0.25	224	9	1.0
0.030303030303030307	0.25	208	9	0.5
0.030303030303030307	0.25	216	9	0.8
0.030303030303030307	0.25	220	9	0.8
0.030303030303030307	0.25	222	9	1.0
0.030303030303030307	0.25	221	9	0.8
0.006666666666666667	0.25	2	9	0.0
0.006666666666666667	0.25	4	9	0.0
0.006666666666666667	0.25	8	9	0.0
0.006666666666666667	0.25	16	9	0.0
0.006666666666666667	0.25	32	9	0.0
0.006666666666666667	0.25	64	9	0.0
0.006666666666666667	0.25	128	9	0.7
0.006666666666666667	0.25	256	9	1.0
0.006666666666666667	0.25	192	9	0.8
0.006666666666666667	0.25	224	9	1.0
0.006666666666666667	0.25	208	9	0.8
0.006666666666666667	0.25	216	9	1.0
0.006666666666666667	0.25	212	9	0.8
0.006666666666666667	0.25	214	9	0.8
0.006666666666666667	0.25	215	9	0.8
0.0033333333333333327	0.25	2	9	0.0
0.0033333333333333327	0.25	4	9	0.0
0.0033333333333333327	0.25	8	9	0.0
0.0033333333333333327	0.25	16	9	0.0
0.0033333333333333327	0.25	32	9	0.0
0.0033333333333333327	0.25	64	9	0.0
0.0033333333333333327	0.25	128	9	0.3
0.0033333333333333327	0.25	256	9	0.9
0.0033333333333333327	0.25	192	9	0.8
0.0033333333333333327	0.25	224	9	1.0
0.0033333333333333327	0.25	208	9	1.0
0.0033333333333333327	0.25	200	9	0.6
0.0033333333333333327	0.25	204	9	1.0
0.0033333333333333327	0.25	202	9	0.9
0.0033333333333333327	0.25	201	9	0.9
1.0	0.5	2	9	0.0
1.0	0.5	4	9	0.0
1.0	0.5	8	9	0.0
1.0	0.5	16	9	0.0
1.0	0.5	32	9	0.0
1.0	0.5	64	9	0.0
1.0	0.5	128	9	0.0
1.0	0.5	256	9	0.0
1.0	0.5	512	9	0.2
1.0	0.5	1024	9	0.9
1.0	0.5	768	9	0.6
1.0	0.5	896	9	0.8
1.0	0.5	960	9	1.0
1.0	0.5	928	9	0.9
1.0	0.5	912	9	0.8
1.0	0.5	920	9	0.8
1.0	0.5	924	9	0.9
1.0	0.5	922	9	0.9
1.0	0.5	921	9	0.8
0.5	0.5	2	9	0.0
0.5	0.5	4	9	0.0
0.5	0.5	8	9	0.0
0.5	0.5	16	9	0.0
0.5	0.5	32	9	0.0
0.5	0.5	64	9	0.0
0.5	0.5	128	9	0.0
0.5	0.5	256	9	0.6
0.5	0.5	512	9	0.9
0.5	0.5	384	9	0.8
0.5	0.5	448	9	1.0
0.5	0.5	416	9	1.0
0.5	0.5	400	9	0.8
0.5	0.5	408	9	0.7
0.5	0.5	412	9	0.9
0.5	0.5	410	9	1.0
0.5	0.5	409	9	0.9
0.2	0.5	2	9	0.0
0.2	0.5	4	9	0.0
0.2	0.5	8	9	0.0
0.2	0.5	16	9	0.0
0.2	0.5	32	9	0.0
0.2	0.5	64	9	0.0
0.2	0.5	128	9	0.3
0.2	0.5	256	9	1.0
0.2	0.5	192	9	0.6
0.2	0.5	224	9	0.7
0.2	0.5	240	9	0.9
0.2	0.5	232	9	0.9
0.2	0.5	228	9	0.8
0.2	0.5	230	9	1.0
0.2	0.5	229	9	0.8
0.1111111111111111	0.5	2	9	0.0
0.1111111111111111	0.5	4	9	0.0
0.1111111111111111	0.5	8	9	0.0
0.1111111111111111	0.5	16	9	0.0
0.1111111111111111	0.5	32	9	0.0
0.1111111111111111	0.5	64	9	0.2
0.1111111111111111	0.5	128	9	0.5
0.1111111111111111	0.5	256	9	1.0
0.1111111111111111	0.5	192	9	0.9
0.1111111111111111	0.5	160	9	0.7
0.1111111111111111	0.5	176	9	0.8
0.1111111111111111	0.5	184	9	0.9
0.1111111111111111	0.5	180	9	0.9
0.1111111111111111	0.5	178	9	0.6
0.1111111111111111	0.5	179	9	0.9
0.07692307692307693	0.5	2	9	0.0
0.07692307692307693	0.5	4	9	0.0
0.07692307692307693	0.5	8	9	0.0
0.07692307692307693	0.5	16	9	0.0
0.07692307692307693	0.5	32	9	0.0
0.07692307692307693	0.5	64	9	0.0
0.07692307692307693	0.5	128	9	0.8
0.07692307692307693	0.5	256	9	1.0
0.07692307692307693	0.5	192	9	1.0
0.07692307692307693	0.5	160	9	1.0
0.07692307692307693	0.5	144	9	0.9
0.07692307692307693	0.5	136	9	0.5
0.07692307692307693	0.5	140	9	0.7
0.07692307692307693	0.5	142	9	0.8
0.07692307692307693	0.5	143	9	0.6
0.05882352941176471	0.5	2	9	0.0
0.05882352941176471	0.5	4	9	0.0
0.05882352941176471	0.5	8	9	0.0
0.05882352941176471	0.5	16	9	0.0
0.05882352941176471	0.5	32	9	0.0
0.05882352941176471	0.5	64	9	0.0
0.05882352941176471	0.5	128	9	0.9
0.05882352941176471	0.5	96	9	0.4
0.05882352941176471	0.5	112	9	0.6
0.05882352941176471	0.5	120	9	0.8
0.05882352941176471	0.5	124	9	0.6
0.05882352941176471	0.5	126	9	0.9
0.05882352941176471	0.5	125	9	0.8
0.047619047619047616	0.5	2	9	0.0
0.047619047619047616	0.5	4	9	0.0
0.047619047619047616	0.5	8	9	0.0
0.047619047619047616	0.5	16	9	0.0
0.047619047619047616	0.5	32	9	0.0
0.047619047619047616	0.5	64	9	0.2
0.047619047619047616	0.5	128	9	0.8
0.047619047619047616	0.5	256	9	1.0
0.047619047619047616	0.5	192	9	1.0
0.047619047619047616	0.5	160	9	0.8
0.047619047619047616	0.5	176	9	0.9
0.047619047619047616	0.5	168	9	0.9
0.047619047619047616	0.5	164	9	1.0
0.047619047619047616	0.5	162	9	1.0
0.047619047619047616	0.5	161	9	1.0
0.04	0.5	2	9	0.0
0.04	0.5	4	9	0.0
0.04	0.5	8	9	0.0
0.04	0.5	16	9	0.0
0.04	0.5	32	9	0.0
0.04	0.5	64	9	0.1
0.04	0.5	128	9	0.9
0.04	0.5	96	9	0.6
0.04	0.5	112	9	0.6
0.04	0.5	120	9	0.8
0.04	0.5	124	9	0.9
0.04	0.5	122	9	1.0
0.04	0.5	121	9	0.9
0.03448275862068965	0.5	2	9	0.0
0.03448275862068965	0.5	4	9	0.0
0.03448275862068965	0.5	8	9	0.0
0.03448275862068965	0.5	16	9	0.0
0.03448275862068965	0.5	32	9	0.0
0.03448275862068965	0.5	64	9	0.0
0.03448275862068965	0.5	128	9	0.8
0.03448275862068965	0.5	256	9	0.9
0.03448275862068965	0.5	192	9	0.9
0.03448275862068965	0.5	160	9	0.9
0.03448275862068965	0.5	144	9	0.8
0.03448275862068965	0.5	152	9	1.0
0.03448275862068965	0.5	148	9	0.9
0.03448275862068965	0.5	146	9	1.0
0.03448275862068965	0.5	145	9	0.9
0.030303030303030307	0.5	2	9	0.0
0.030303030303030307	0.5	4	9	0.0
0.030303030303030307	0.5	8	9	0.0
0.030303030303030307	0.5	16	9	0.0
0.030303030303030307	0.5	32	9	0.0
0.030303030303030307	0.5	64	9	0.3
0.030303030303030307	0.5	128	9	0.9
0.030303030303030307	0.5	96	9	0.8
0.030303030303030307	0.5	112	9	0.5
0.030303030303030307	0.5	120	9	0.8
0.030303030303030307	0.5	124	9	0.7
0.030303030303030307	0.5	126	9	0.8
0.030303030303030307	0.5	127	9	1.0
0.006666666666666667	0.5	2	9	0.0
0.006666666666666667	0.5	4	9	0.0
0.006666666666666667	0.5	8	9	0.0
0.006666666666666667	0.5	16	9	0.0
0.006666666666666667	0.5	32	9	0.0
0.006666666666666667	0.5	64	9	0.1
0.006666666666666667	0.5	128	9	0.9
0.006666666666666667	0.5	96	9	0.9
0.006666666666666667	0.5	80	9	0.4
0.006666666666666667	0.5	88	9	1.0
0.006666666666666667	0.5	84	9	0.8
0.006666666666666667	0.5	86	9	0.6
0.006666666666666667	0.5	87	9	0.5
0.0033333333333333327	0.5	2	9	0.0
0.0033333333333333327	0.5	4	9	0.0
0.0033333333333333327	0.5	8	9	0.0
0.0033333333333333327	0.5	16	9	0.0
0.0033333333333333327	0.5	32	9	0.0
0.0033333333333333327	0.5	64	9	0.5
0.0033333333333333327	0.5	128	9	1.0
0.0033333333333333327	0.5	96	9	0.9
0.0033333333333333327	0.5	80	9	0.5
0.0033333333333333327	0.5	88	9	0.7
0.0033333333333333327	0.5	92	9	0.7
0.0033333333333333327	0.5	94	9	0.7
0.0033333333333333327	0.5	95	9	0.7
1.0	1.0	2	9	0.0
1.0	1.0	4	9	0.0
1.0	1.0	8	9	0.0
1.0	1.0	16	9	0.0
1.0	1.0	32	9	0.0
1.0	1.0	64	9	0.0
1.0	1.0	128	9	0.0
1.0	1.0	256	9	0.0
1.0	1.0	512	9	0.0
1.0	1.0	1024	9	0.2
1.0	1.0	2048	9	0.9
1.0	1.0	1536	9	0.6
1.0	1.0	1792	9	0.5
1.0	1.0	1920	9	0.7
1.0	1.0	1984	9	1.0
1.0	1.0	1952	9	0.9
1.0	1.0	1936	9	0.9
1.0	1.0	1928	9	0.8
1.0	1.0	1932	9	0.8
1.0	1.0	1934	9	0.8
1.0	1.0	1935	9	0.9
0.5	1.0	2	9	0.0
0.5	1.0	4	9	0.0
0.5	1.0	8	9	0.0
0.5	1.0	16	9	0.0
0.5	1.0	32	9	0.0
0.5	1.0	64	9	0.0
0.5	1.0	128	9	0.0
0.5	1.0	256	9	0.7
0.5	1.0	512	9	1.0
0.5	1.0	384	9	0.7
0.5	1.0	448	9	0.9
0.5	1.0	416	9	1.0
0.5	1.0	400	9	1.0
0.5	1.0	392	9	1.0
0.5	1.0	388	9	0.9
0.5	1.0	386	9	0.9
0.5	1.0	385	9	0.9
0.2	1.0	2	9	0.0
0.2	1.0	4	9	0.0
0.2	1.0	8	9	0.0
0.2	1.0	16	9	0.0
0.2	1.0	32	9	0.0
0.2	1.0	64	9	0.0
0.2	1.0	128	9	0.5
0.2	1.0	256	9	1.0
0.2	1.0	192	9	1.0
0.2	1.0	160	9	0.9
0.2	1.0	144	9	1.0
0.2	1.0	136	9	0.5
0.2	1.0	140	9	0.6
0.2	1.0	142	9	0.9
0.2	1.0	141	9	0.8
0.1111111111111111	1.0	2	9	0.0
0.1111111111111111	1.0	4	9	0.0
0.1111111111111111	1.0	8	9	0.0
0.1111111111111111	1.0	16	9	0.0
0.1111111111111111	1.0	32	9	0.0
0.1111111111111111	1.0	64	9	0.4
0.1111111111111111	1.0	128	9	1.0
0.1111111111111111	1.0	96	9	0.6
0.1111111111111111	1.0	112	9	0.9
0.1111111111111111	1.0	104	9	0.9
0.1111111111111111	1.0	100	9	0.8
0.1111111111111111	1.0	102	9	0.9
0.1111111111111111	1.0	101	9	0.7
0.07692307692307693	1.0	2	9	0.0
0.07692307692307693	1.0	4	9	0.0
0.07692307692307693	1.0	8	9	0.0
0.07692307692307693	1.0	16	9	0.0
0.07692307692307693	1.0	32	9	0.0
0.07692307692307693	1.0	64	9	0.5
0.07692307692307693	1.0	128	9	0.9
0.07692307692307693	1.0	96	9	0.8
0.07692307692307693	1.0	112	9	0.8
0.07692307692307693	1.0	120	9	0.9
0.07692307692307693	1.0	116	9	0.9
0.07692307692307693	1.0	114	9	0.9
0.07692307692307693	1.0	113	9	0.9
0.05882352941176471	1.0	2	9	0.0
0.05882352941176471	1.0	4	9	0.0
0.05882352941176471	1.0	8	9	0.0
0.05882352941176471	1.0	16	9	0.0
0.05882352941176471	1.0	32	9	0.0
0.05882352941176471	1.0	64	9	0.3
0.05882352941176471	1.0	128	9	1.0
0.05882352941176471	1.0	96	9	0.8
0.05882352941176471	1.0	112	9	0.8
0.05882352941176471	1.0	120	9	1.0
0.05882352941176471	1.0	116	9	1.0
0.05882352941176471	1.0	114	9	0.9
0.05882352941176471	1.0	113	9	0.9
0.047619047619047616	1.0	2	9	0.0
0.047619047619047616	1.0	4	9	0.0
0.047619047619047616	1.0	8	9	0.0
0.047619047619047616	1.0	16	9	0.0
0.047619047619047616	1.0	32	9	0.0
0.047619047619047616	1.0	64	9	0.8
0.047619047619047616	1.0	128	9	1.0
0.047619047619047616	1.0	96	9	0.9
0.047619047619047616	1.0	80	9	0.6
0.047619047619047616	1.0	88	9	1.0
0.047619047619047616	1.0	84	9	0.6
0.047619047619047616	1.0	86	9	1.0
0.047619047619047616	1.0	85	9	0.9
0.04	1.0	2	9	0.0
0.04	1.0	4	9	0.0
0.04	1.0	8	9	0.0
0.04	1.0	16	9	0.0
0.04	1.0	32	9	0.0
0.04	1.0	64	9	0.5
0.04	1.0	128	9	1.0
0.04	1.0	96	9	0.6
0.04	1.0	112	9	0.9
0.04	1.0	104	9	1.0
0.04	1.0	100	9	0.9
0.04	1.0	98	9	0.9
0.04	1.0	97	9	0.8
0.03448275862068965	1.0	2	9	0.0
0.03448275862068965	1.0	4	9	0.0
0.03448275862068965	1.0	8	9	0.0
0.03448275862068965	1.0	16	9	0.0
0.03448275862068965	1.0	32	9	0.0
0.03448275862068965	1.0	64	9	0.6
0.03448275862068965	1.0	128	9	1.0
0.03448275862068965	1.0	96	9	0.9
0.03448275862068965	1.0	80	9	0.7
0.03448275862068965	1.0	88	9	0.8
0.03448275862068965	1.0	92	9	0.8
0.03448275862068965	1.0	94	9	0.8
0.03448275862068965	1.0	95	9	0.8
0.030303030303030307	1.0	2	9	0.0
0.030303030303030307	1.0	4	9	0.0
0.030303030303030307	1.0	8	9	0.0
0.030303030303030307	1.0	16	9	0.0
0.030303030303030307	1.0	32	9	0.0
0.030303030303030307	1.0	64	9	0.7
0.030303030303030307	1.0	128	9	1.0
0.030303030303030307	1.0	96	9	0.8
0.030303030303030307	1.0	112	9	0.9
0.030303030303030307	1.0	104	9	1.0
0.030303030303030307	1.0	100	9	0.9
0.030303030303030307	1.0	98	9	1.0
0.030303030303030307	1.0	97	9	1.0
0.006666666666666667	1.0	2	9	0.0
0.006666666666666667	1.0	4	9	0.0
0.006666666666666667	1.0	8	9	0.0
0.006666666666666667	1.0	16	9	0.0
0.006666666666666667	1.0	32	9	0.0
0.006666666666666667	1.0	64	9	0.5
0.006666666666666667	1.0	128	9	1.0
0.006666666666666667	1.0	96	9	0.8
0.006666666666666667	1.0	112	9	1.0
0.006666666666666667	1.0	104	9	1.0
0.006666666666666667	1.0	100	9	1.0
0.006666666666666667	1.0	98	9	0.9
0.006666666666666667	1.0	97	9	1.0
0.0033333333333333327	1.0	2	9	0.0
0.0033333333333333327	1.0	4	9	0.0
0.0033333333333333327	1.0	8	9	0.0
0.0033333333333333327	1.0	16	9	0.0
0.0033333333333333327	1.0	32	9	0.1
0.0033333333333333327	1.0	64	9	0.9
0.0033333333333333327	1.0	48	9	0.5
0.0033333333333333327	1.0	56	9	0.8
0.0033333333333333327	1.0	60	9	0.8
0.0033333333333333327	1.0	62	9	1.0
0.0033333333333333327	1.0	61	9	0.8
1.0	2.0	2	9	0.0
1.0	2.0	4	9	0.0
1.0	2.0	8	9	0.0
1.0	2.0	16	9	0.0
1.0	2.0	32	9	0.0
1.0	2.0	64	9	0.0
1.0	2.0	128	9	0.0
1.0	2.0	256	9	0.0
1.0	2.0	512	9	0.0
1.0	2.0	1024	9	0.0
1.0	2.0	2048	9	0.0
1.0	2.0	4096	9	0.1
0.5	2.0	2	9	0.0
0.5	2.0	4	9	0.0
0.5	2.0	8	9	0.0
0.5	2.0	16	9	0.0
0.5	2.0	32	9	0.0
0.5	2.0	64	9	0.0
0.5	2.0	128	9	0.0
0.5	2.0	256	9	0.6
0.5	2.0	512	9	1.0
0.5	2.0	384	9	1.0
0.5	2.0	320	9	0.6
0.5	2.0	352	9	0.9
0.5	2.0	336	9	0.9
0.5	2.0	328	9	0.9
0.5	2.0	324	9	0.8
0.5	2.0	326	9	0.8
0.5	2.0	327	9	0.8
0.2	2.0	2	9	0.0
0.2	2.0	4	9	0.0
0.2	2.0	8	9	0.0
0.2	2.0	16	9	0.0
0.2	2.0	32	9	0.0
0.2	2.0	64	9	0.2
0.2	2.0	128	9	0.7
0.2	2.0	256	9	1.0
0.2	2.0	192	9	1.0
0.2	2.0	160	9	1.0
0.2	2.0	144	9	0.9
0.2	2.0	136	9	0.7
0.2	2.0	140	9	0.8
0.2	2.0	142	9	0.9
0.2	2.0	141	9	0.7
0.1111111111111111	2.0	2	9	0.0
0.1111111111111111	2.0	4	9	0.0
0.1111111111111111	2.0	8	9	0.0
0.1111111111111111	2.0	16	9	0.0
0.1111111111111111	2.0	32	9	0.1
0.1111111111111111	2.0	64	9	0.3
0.1111111111111111	2.0	128	9	0.9
0.1111111111111111	2.0	96	9	0.7
0.1111111111111111	2.0	112	9	0.8
0.1111111111111111	2.0	120	9	0.9
0.1111111111111111	2.0	116	9	0.9
0.1111111111111111	2.0	114	9	1.0
0.1111111111111111	2.0	113	9	0.9
0.07692307692307693	2.0	2	9	0.0
0.07692307692307693	2.0	4	9	0.0
0.07692307692307693	2.0	8	9	0.0
0.07692307692307693	2.0	16	9	0.0
0.07692307692307693	2.0	32	9	0.1
0.07692307692307693	2.0	64	9	0.6
0.07692307692307693	2.0	128	9	0.9
0.07692307692307693	2.0	96	9	1.0
0.07692307692307693	2.0	80	9	0.8
0.07692307692307693	2.0	88	9	0.8
0.07692307692307693	2.0	92	9	0.8
0.07692307692307693	2.0	94	9	0.8
0.07692307692307693	2.0	95	9	1.0
0.05882352941176471	2.0	2	9	0.0
0.05882352941176471	2.0	4	9	0.0
0.05882352941176471	2.0	8	9	0.0
0.05882352941176471	2.0	16	9	0.0
0.05882352941176471	2.0	32	9	0.1
0.05882352941176471	2.0	64	9	0.7
0.05882352941176471	2.0	128	9	1.0
0.05882352941176471	2.0	96	9	1.0
0.05882352941176471	2.0	80	9	0.9
0.05882352941176471	2.0	72	9	0.8
0.05882352941176471	2.0	76	9	0.8
0.05882352941176471	2.0	78	9	0.9
0.05882352941176471	2.0	77	9	0.7
0.047619047619047616	2.0	2	9	0.0
0.047619047619047616	2.0	4	9	0.0
0.047619047619047616	2.0	8	9	0.0
0.047619047619047616	2.0	16	9	0.0
0.047619047619047616	2.0	32	9	0.2
0.047619047619047616	2.0	64	9	0.8
0.047619047619047616	2.0	128	9	1.0
0.047619047619047616	2.0	96	9	1.0
0.047619047619047616	2.0	80	9	0.8
0.047619047619047616	2.0	88	9	1.0
0.047619047619047616	2.0	84	9	1.0
0.047619047619047616	2.0	82	9	1.0
0.047619047619047616	2.0	81	9	1.0
0.04	2.0	2	9	0.0
0.04	2.0	4	9	0.0
0.04	2.0	8	9	0.0
0.04	2.0	16	9	0.0
0.04	2.0	32	9	0.1
0.04	2.0	64	9	0.2
0.04	2.0	128	9	1.0
0.04	2.0	96	9	1.0
0.04	2.0	80	9	1.0
0.04	2.0	72	9	0.9
0.04	2.0	68	9	0.8
0.04	2.0	70	9	0.9
0.04	2.0	69	9	1.0
0.03448275862068965	2.0	2	9	0.0
0.03448275862068965	2.0	4	9	0.0
0.03448275862068965	2.0	8	9	0.0
0.03448275862068965	2.0	16	9	0.0
0.03448275862068965	2.0	32	9	0.0
0.03448275862068965	2.0	64	9	0.7
0.03448275862068965	2.0	128	9	1.0
0.03448275862068965	2.0	96	9	1.0
0.03448275862068965	2.0	80	9	0.9
0.03448275862068965	2.0	72	9	1.0
0.03448275862068965	2.0	68	9	0.9
0.03448275862068965	2.0	66	9	0.8
0.03448275862068965	2.0	67	9	0.7
0.030303030303030307	2.0	2	9	0.0
0.030303030303030307	2.0	4	9	0.0
0.030303030303030307	2.0	8	9	0.0
0.030303030303030307	2.0	16	9	0.0
0.030303030303030307	2.0	32	9	0.3
0.030303030303030307	2.0	64	9	0.7
0.030303030303030307	2.0	128	9	1.0
0.030303030303030307	2.0	96	9	1.0
0.030303030303030307	2.0	80	9	0.9
0.030303030303030307	2.0	72	9	0.9
0.030303030303030307	2.0	68	9	0.9
0.030303030303030307	2.0	66	9	1.0
0.030303030303030307	2.0	65	9	0.9
0.006666666666666667	2.0	2	9	0.0
0.006666666666666667	2.0	4	9	0.0
0.006666666666666667	2.0	8	9	0.0
0.006666666666666667	2.0	16	9	0.0
0.006666666666666667	2.0	32	9	0.6
0.006666666666666667	2.0	64	9	0.9
0.006666666666666667	2.0	48	9	0.7
0.006666666666666667	2.0	56	9	0.8
0.006666666666666667	2.0	60	9	0.9
0.006666666666666667	2.0	58	9	0.7
0.006666666666666667	2.0	59	9	0.8
0.0033333333333333327	2.0	2	9	0.0
0.0033333333333333327	2.0	4	9	0.0
0.0033333333333333327	2.0	8	9	0.0
0.0033333333333333327	2.0	16	9	0.0
0.0033333333333333327	2.0	32	9	0.1
0.0033333333333333327	2.0	64	9	1.0
0.0033333333333333327	2.0	48	9	0.7
0.0033333333333333327	2.0	56	9	0.8
0.0033333333333333327	2.0	60	9	1.0
0.0033333333333333327	2.0	58	9	0.9
0.0033333333333333327	2.0	57	9	0.9
1.0	5.0	2	9	0.0
1.0	5.0	4	9	0.0
1.0	5.0	8	9	0.0
1.0	5.0	16	9	0.0
1.0	5.0	32	9	0.0
1.0	5.0	64	9	0.0
1.0	5.0	128	9	0.0
1.0	5.0	256	9	0.0
1.0	5.0	512	9	0.0
1.0	5.0	1024	9	0.0
1.0	5.0	2048	9	0.0
1.0	5.0	4096	9	0.0
0.5	5.0	2	9	0.0
0.5	5.0	4	9	0.0
0.5	5.0	8	9	0.0
0.5	5.0	16	9	0.0
0.5	5.0	32	9	0.0
0.5	5.0	64	9	0.0
0.5	5.0	128	9	0.0
0.5	5.0	256	9	0.2
0.5	5.0	512	9	1.0
0.5	5.0	384	9	0.4
0.5	5.0	448	9	0.7
0.5	5.0	480	9	0.8
0.5	5.0	496	9	0.8
0.5	5.0	504	9	1.0
0.5	5.0	500	9	0.9
0.5	5.0	498	9	0.5
0.5	5.0	499	9	0.6
0.2	5.0	2	9	0.0
0.2	5.0	4	9	0.0
0.2	5.0	8	9	0.0
0.2	5.0	16	9	0.0
0.2	5.0	32	9	0.0
0.2	5.0	64	9	0.0
0.2	5.0	128	9	0.4
0.2	5.0	256	9	1.0
0.2	5.0	192	9	0.9
0.2	5.0	160	9	0.5
0.2	5.0	176	9	1.0
0.2	5.0	168	9	0.5
0.2	5.0	172	9	0.7
0.2	5.0	174	9	0.6
0.2	5.0	175	9	0.5
0.1111111111111111	5.0	2	9	0.0
0.1111111111111111	5.0	4	9	0.0
0.1111111111111111	5.0	8	9	0.0
0.1111111111111111	5.0	16	9	0.0
0.1111111111111111	5.0	32	9	0.1
0.1111111111111111	5.0	64	9	0.2
0.1111111111111111	5.0	128	9	0.9
0.1111111111111111	5.0	96	9	0.6
0.1111111111111111	5.0	112	9	0.5
0.1111111111111111	5.0	120	9	0.6
0.1111111111111111	5.0	124	9	0.5
0.1111111111111111	5.0	126	9	0.6
0.1111111111111111	5.0	127	9	0.8
0.07692307692307693	5.0	2	9	0.0
0.07692307692307693	5.0	4	9	0.0
0.07692307692307693	5.0	8	9	0.0
0.07692307692307693	5.0	16	9	0.0
0.07692307692307693	5.0	32	9	0.1
0.07692307692307693	5.0	64	9	0.2
0.07692307692307693	5.0	128	9	0.8
0.07692307692307693	5.0	256	9	1.0
0.07692307692307693	5.0	192	9	1.0
0.07692307692307693	5.0	160	9	1.0
0.07692307692307693	5.0	144	9	0.5
0.07692307692307693	5.0	152	9	1.0
0.07692307692307693	5.0	148	9	0.8
0.07692307692307693	5.0	150	9	0.6
0.07692307692307693	5.0	151	9	0.9
0.05882352941176471	5.0	2	9	0.0
0.05882352941176471	5.0	4	9	0.0
0.05882352941176471	5.0	8	9	0.0
0.05882352941176471	5.0	16	9	0.0
0.05882352941176471	5.0	32	9	0.1
0.05882352941176471	5.0	64	9	0.3
0.05882352941176471	5.0	128	9	0.9
0.05882352941176471	5.0	96	9	0.4
0.05882352941176471	5.0	112	9	0.8
0.05882352941176471	5.0	120	9	0.9
0.05882352941176471	5.0	116	9	0.9
0.05882352941176471	5.0	114	9	0.8
0.05882352941176471	5.0	115	9	0.8
0.047619047619047616	5.0	2	9	0.0
0.047619047619047616	5.0	4	9	0.0
0.047619047619047616	5.0	8	9	0.0
0.047619047619047616	5.0	16	9	0.0
0.047619047619047616	5.0	32	9	0.0
0.047619047619047616	5.0	64	9	0.2
0.047619047619047616	5.0	128	9	0.9
0.047619047619047616	5.0	96	9	0.7
0.047619047619047616	5.0	112	9	0.8
0.047619047619047616	5.0	120	9	0.8
0.047619047619047616	5.0	124	9	0.9
0.047619047619047616	5.0	122	9	0.9
0.047619047619047616	5.0	121	9	0.9
0.04	5.0	2	9	0.0
0.04	5.0	4	9	0.0
0.04	5.0	8	9	0.0
0.04	5.0	16	9	0.0
0.04	5.0	32	9	0.0
0.04	5.0	64	9	0.7
0.04	5.0	128	9	0.9
0.04	5.0	96	9	1.0
0.04	5.0	80	9	0.6
0.04	5.0	88	9	0.7
0.04	5.0	92	9	0.7
0.04	5.0	94	9	0.7
0.04	5.0	95	9	0.5
0.03448275862068965	5.0	2	9	0.0
0.03448275862068965	5.0	4	9	0.0
0.03448275862068965	5.0	8	9	0.0
0.03448275862068965	5.0	16	9	0.0
0.03448275862068965	5.0	32	9	0.1
0.03448275862068965	5.0	64	9	0.1
0.03448275862068965	5.0	128	9	0.8
0.03448275862068965	5.0	256	9	1.0
0.03448275862068965	5.0	192	9	1.0
0.03448275862068965	5.0	160	9	1.0
0.03448275862068965	5.0	144	9	1.0
0.03448275862068965	5.0	136	9	0.8
0.03448275862068965	5.0	140	9	1.0
0.03448275862068965	5.0	138	9	1.0
0.03448275862068965	5.0	137	9	0.9
0.030303030303030307	5.0	2	9	0.0
0.030303030303030307	5.0	4	9	0.0
0.030303030303030307	5.0	8	9	0.0
0.030303030303030307	5.0	16	9	0.0
0.030303030303030307	5.0	32	9	0.0
0.030303030303030307	5.0	64	9	0.4
0.030303030303030307	5.0	128	9	0.9
0.030303030303030307	5.0	96	9	0.8
0.030303030303030307	5.0	112	9	0.7
0.030303030303030307	5.0	120	9	0.9
0.030303030303030307	5.0	116	9	0.9
0.030303030303030307	5.0	114	9	0.9
0.030303030303030307	5.0	113	9	1.0
0.006666666666666667	5.0	2	9	0.0
0.006666666666666667	5.0	4	9	0.0
0.006666666666666667	5.0	8	9	0.0
0.006666666666666667	5.0	16	9	0.0
0.006666666666666667	5.0	32	9	0.1
0.006666666666666667	5.0	64	9	0.5
0.006666666666666667	5.0	128	9	0.8
0.006666666666666667	5.0	256	9	1.0
0.006666666666666667	5.0	192	9	1.0
0.006666666666666667	5.0	160	9	1.0
0.006666666666666667	5.0	144	9	1.0
0.006666666666666667	5.0	136	9	1.0
0.006666666666666667	5.0	132	9	1.0
0.006666666666666667	5.0	130	9	1.0
0.006666666666666667	5.0	129	9	1.0
0.0033333333333333327	5.0	2	9	0.0
0.0033333333333333327	5.0	4	9	0.0
0.0033333333333333327	5.0	8	9	0.0
0.0033333333333333327	5.0	16	9	0.0
0.0033333333333333327	5.0	32	9	0.1
0.0033333333333333327	5.0	64	9	0.6
0.0033333333333333327	5.0	128	9	1.0
0.0033333333333333327	5.0	96	9	1.0
0.0033333333333333327	5.0	80	9	0.9
0.0033333333333333327	5.0	72	9	0.5
0.0033333333333333327	5.0	76	9	0.6
0.0033333333333333327	5.0	78	9	0.7
0.0033333333333333327	5.0	79	9	0.7
