1.0	0.08333333333333333	2	9	0.0
1.0	0.08333333333333333	4	9	0.0
1.0	0.08333333333333333	8	9	0.0
1.0	0.08333333333333333	16	9	0.0
1.0	0.08333333333333333	32	9	0.0
1.0	0.08333333333333333	64	9	0.0
1.0	0.08333333333333333	128	9	0.0
1.0	0.08333333333333333	256	9	0.0
1.0	0.08333333333333333	512	9	0.0
1.0	0.08333333333333333	1024	9	1.0
1.0	0.08333333333333333	768	9	0.8
1.0	0.08333333333333333	896	9	0.9
1.0	0.08333333333333333	832	9	0.9
1.0	0.08333333333333333	800	9	1.0
1.0	0.08333333333333333	784	9	1.0
1.0	0.08333333333333333	776	9	0.7
1.0	0.08333333333333333	780	9	0.8
1.0	0.08333333333333333	782	9	0.9
1.0	0.08333333333333333	781	9	0.9
0.5	0.08333333333333333	2	9	0.0
0.5	0.08333333333333333	4	9	0.0
0.5	0.08333333333333333	8	9	0.0
0.5	0.08333333333333333	16	9	0.0
0.5	0.08333333333333333	32	9	0.0
0.5	0.08333333333333333	64	9	0.0
0.5	0.08333333333333333	128	9	0.0
0.5	0.08333333333333333	256	9	0.0
0.5	0.08333333333333333	512	9	0.6
0.5	0.08333333333333333	1024	9	0.9
0.5	0.08333333333333333	768	9	0.9
0.5	0.08333333333333333	640	9	0.6
0.5	0.08333333333333333	704	9	0.7
0.5	0.08333333333333333	736	9	0.8
0.5	0.08333333333333333	752	9	0.8
0.5	0.08333333333333333	760	9	0.9
0.5	0.08333333333333333	756	9	0.9
0.5	0.08333333333333333	754	9	0.9
0.5	0.08333333333333333	753	9	0.9
0.2	0.08333333333333333	2	9	0.0
0.2	0.08333333333333333	4	9	0.0
0.2	0.08333333333333333	8	9	0.0
0.2	0.08333333333333333	16	9	0.0
0.2	0.08333333333333333	32	9	0.0
0.2	0.08333333333333333	64	9	0.0
0.2	0.08333333333333333	128	9	0.0
0.2	0.08333333333333333	256	9	0.0
0.2	0.08333333333333333	512	9	0.1
0.2	0.08333333333333333	1024	9	1.0
0.2	0.08333333333333333	768	9	0.9
0.2	0.08333333333333333	640	9	0.5
0.2	0.08333333333333333	704	9	0.9
0.2	0.08333333333333333	672	9	0.8
0.2	0.08333333333333333	688	9	0.9
0.2	0.08333333333333333	680	9	1.0
0.2	0.08333333333333333	676	9	0.8
0.2	0.08333333333333333	678	9	1.0
0.2	0.08333333333333333	677	9	0.8
0.1111111111111111	0.08333333333333333	2	9	0.0
0.1111111111111111	0.08333333333333333	4	9	0.0
0.1111111111111111	0.08333333333333333	8	9	0.0
0.1111111111111111	0.08333333333333333	16	9	0.0
0.1111111111111111	0.08333333333333333	32	9	0.0
0.1111111111111111	0.08333333333333333	64	9	0.0
0.1111111111111111	0.08333333333333333	128	9	0.0
0.1111111111111111	0.08333333333333333	256	9	0.0
0.1111111111111111	0.08333333333333333	512	9	0.5
0.1111111111111111	0.08333333333333333	1024	9	1.0
0.1111111111111111	0.08333333333333333	768	9	0.8
0.1111111111111111	0.08333333333333333	896	9	1.0
0.1111111111111111	0.08333333333333333	832	9	1.0
0.1111111111111111	0.08333333333333333	800	9	0.9
0.1111111111111111	0.08333333333333333	784	9	0.8
0.1111111111111111	0.08333333333333333	792	9	1.0
0.1111111111111111	0.08333333333333333	788	9	1.0
0.1111111111111111	0.08333333333333333	786	9	0.9
0.1111111111111111	0.08333333333333333	785	9	1.0
0.07692307692307693	0.08333333333333333	2	9	0.0
0.07692307692307693	0.08333333333333333	4	9	0.0
0.07692307692307693	0.08333333333333333	8	9	0.0
0.07692307692307693	0.08333333333333333	16	9	0.0
0.07692307692307693	0.08333333333333333	32	9	0.0
0.07692307692307693	0.08333333333333333	64	9	0.0
0.07692307692307693	0.08333333333333333	128	9	0.0
0.07692307692307693	0.08333333333333333	256	9	0.0
0.07692307692307693	0.08333333333333333	512	9	0.4
0.07692307692307693	0.08333333333333333	1024	9	1.0
0.07692307692307693	0.08333333333333333	768	9	1.0
0.07692307692307693	0.08333333333333333	640	9	0.7
0.07692307692307693	0.08333333333333333	704	9	0.8
0.07692307692307693	0.08333333333333333	736	9	0.7
0.07692307692307693	0.08333333333333333	752	9	1.0
0.07692307692307693	0.08333333333333333	744	9	0.8
0.07692307692307693	0.08333333333333333	748	9	0.6
0.07692307692307693	0.08333333333333333	750	9	0.9
0.07692307692307693	0.08333333333333333	749	9	1.0
0.05882352941176471	0.08333333333333333	2	9	0.0
0.05882352941176471	0.08333333333333333	4	9	0.0
0.05882352941176471	0.08333333333333333	8	9	0.0
0.05882352941176471	0.08333333333333333	16	9	0.0
0.05882352941176471	0.08333333333333333	32	9	0.0
0.05882352941176471	0.08333333333333333	64	9	0.0
0.05882352941176471	0.08333333333333333	128	9	0.0
0.05882352941176471	0.08333333333333333	256	9	0.0
0.05882352941176471	0.08333333333333333	512	9	0.3
0.05882352941176471	0.08333333333333333	1024	9	1.0
0.05882352941176471	0.08333333333333333	768	9	0.8
0.05882352941176471	0.08333333333333333	896	9	1.0
0.05882352941176471	0.08333333333333333	832	9	0.8
0.05882352941176471	0.08333333333333333	864	9	0.9
0.05882352941176471	0.08333333333333333	848	9	1.0
0.05882352941176471	0.08333333333333333	840	9	0.9
0.05882352941176471	0.08333333333333333	836	9	1.0
0.05882352941176471	0.08333333333333333	834	9	1.0
0.05882352941176471	0.08333333333333333	833	9	0.9
0.047619047619047616	0.08333333333333333	2	9	0.0
0.047619047619047616	0.08333333333333333	4	9	0.0
0.047619047619047616	0.08333333333333333	8	9	0.0
0.047619047619047616	0.08333333333333333	16	9	0.0
0.047619047619047616	0.08333333333333333	32	9	0.0
0.047619047619047616	0.08333333333333333	64	9	0.0
0.047619047619047616	0.08333333333333333	128	9	0.0
0.047619047619047616	0.08333333333333333	256	9	0.0
0.047619047619047616	0.08333333333333333	512	9	0.4
0.047619047619047616	0.08333333333333333	1024	9	1.0
0.047619047619047616	0.08333333333333333	768	9	1.0
0.047619047619047616	0.08333333333333333	640	9	0.6
0.047619047619047616	0.08333333333333333	704	9	0.9
0.047619047619047616	0.08333333333333333	672	9	0.9
0.047619047619047616	0.08333333333333333	656	9	0.8
0.047619047619047616	0.08333333333333333	664	9	0.9
0.047619047619047616	0.08333333333333333	660	9	0.9
0.047619047619047616	0.08333333333333333	658	9	0.7
0.047619047619047616	0.08333333333333333	659	9	0.8
0.04	0.08333333333333333	2	9	0.0
0.04	0.08333333333333333	4	9	0.0
0.04	0.08333333333333333	8	9	0.0
0.04	0.08333333333333333	16	9	0.0
0.04	0.08333333333333333	32	9	0.0
0.04	0.08333333333333333	64	9	0.0
0.04	0.08333333333333333	128	9	0.0
0.04	0.08333333333333333	256	9	0.0
0.04	0.08333333333333333	512	9	0.3
0.04	0.08333333333333333	1024	9	1.0
0.04	0.08333333333333333	768	9	0.9
0.04	0.08333333333333333	640	9	0.8
0.04	0.08333333333333333	704	9	0.9
0.04	0.08333333333333333	672	9	0.8
0.04	0.08333333333333333	688	9	0.9
0.04	0.08333333333333333	680	9	0.8
0.04	0.08333333333333333	684	9	1.0
0.04	0.08333333333333333	682	9	0.6
0.04	0.08333333333333333	683	9	0.7
0.03448275862068965	0.08333333333333333	2	9	0.0
0.03448275862068965	0.08333333333333333	4	9	0.0
0.03448275862068965	0.08333333333333333	8	9	0.0
0.03448275862068965	0.08333333333333333	16	9	0.0
0.03448275862068965	0.08333333333333333	32	9	0.0
0.03448275862068965	0.08333333333333333	64	9	0.0
0.03448275862068965	0.08333333333333333	128	9	0.0
0.03448275862068965	0.08333333333333333	256	9	0.0
0.03448275862068965	0.08333333333333333	512	9	0.4
0.03448275862068965	0.08333333333333333	1024	9	1.0
0.03448275862068965	0.08333333333333333	768	9	1.0
0.03448275862068965	0.08333333333333333	640	9	0.8
0.03448275862068965	0.08333333333333333	704	9	0.8
0.03448275862068965	0.08333333333333333	736	9	0.8
0.03448275862068965	0.08333333333333333	752	9	0.9
0.03448275862068965	0.08333333333333333	744	9	1.0
0.03448275862068965	0.08333333333333333	740	9	0.7
0.03448275862068965	0.08333333333333333	742	9	1.0
0.03448275862068965	0.08333333333333333	741	9	0.9
0.030303030303030307	0.08333333333333333	2	9	0.0
0.030303030303030307	0.08333333333333333	4	9	0.0
0.030303030303030307	0.08333333333333333	8	9	0.0
0.030303030303030307	0.08333333333333333	16	9	0.0
0.030303030303030307	0.08333333333333333	32	9	0.0
0.030303030303030307	0.08333333333333333	64	9	0.0
0.030303030303030307	0.08333333333333333	128	9	0.0
0.030303030303030307	0.08333333333333333	256	9	0.0
0.030303030303030307	0.08333333333333333	512	9	0.2
0.030303030303030307	0.08333333333333333	1024	9	1.0
0.030303030303030307	0.08333333333333333	768	9	0.9
0.030303030303030307	0.08333333333333333	640	9	0.7
0.030303030303030307	0.08333333333333333	704	9	0.7
0.030303030303030307	0.08333333333333333	736	9	1.0
0.030303030303030307	0.08333333333333333	720	9	0.9
0.030303030303030307	0.08333333333333333	712	9	0.8
0.030303030303030307	0.08333333333333333	716	9	0.7
0.030303030303030307	0.08333333333333333	718	9	1.0
0.030303030303030307	0.08333333333333333	717	9	0.8
0.006666666666666667	0.08333333333333333	2	9	0.0
0.006666666666666667	0.08333333333333333	4	9	0.0
0.006666666666666667	0.08333333333333333	8	9	0.0
0.006666666666666667	0.08333333333333333	16	9	0.0
0.006666666666666667	0.08333333333333333	32	9	0.0
0.006666666666666667	0.08333333333333333	64	9	0.0
0.006666666666666667	0.08333333333333333	128	9	0.0
0.006666666666666667	0.08333333333333333	256	9	0.0
0.006666666666666667	0.08333333333333333	512	9	0.4
0.006666666666666667	0.08333333333333333	1024	9	1.0
0.006666666666666667	0.08333333333333333	768	9	1.0
0.006666666666666667	0.08333333333333333	640	9	0.8
0.006666666666666667	0.08333333333333333	704	9	1.0
0.006666666666666667	0.08333333333333333	672	9	0.7
0.006666666666666667	0.08333333333333333	688	9	0.6
0.006666666666666667	0.08333333333333333	696	9	0.9
0.006666666666666667	0.08333333333333333	692	9	0.8
0.006666666666666667	0.08333333333333333	694	9	0.8
0.006666666666666667	0.08333333333333333	695	9	1.0
0.0033333333333333327	0.08333333333333333	2	9	0.1
0.0033333333333333327	0.08333333333333333	4	9	0.0
0.0033333333333333327	0.08333333333333333	8	9	0.0
0.0033333333333333327	0.08333333333333333	16	9	0.0
0.0033333333333333327	0.08333333333333333	32	9	0.0
0.0033333333333333327	0.08333333333333333	64	9	0.0
0.0033333333333333327	0.08333333333333333	128	9	0.0
0.0033333333333333327	0.08333333333333333	256	9	0.0
0.0033333333333333327	0.08333333333333333	512	9	0.5
0.0033333333333333327	0.08333333333333333	1024	9	1.0
0.0033333333333333327	0.08333333333333333	768	9	0.9
0.0033333333333333327	0.08333333333333333	640	9	0.8
0.0033333333333333327	0.08333333333333333	704	9	0.9
0.0033333333333333327	0.08333333333333333	672	9	0.9
0.0033333333333333327	0.08333333333333333	656	9	0.9
0.0033333333333333327	0.08333333333333333	648	9	0.9
0.0033333333333333327	0.08333333333333333	644	9	0.8
0.0033333333333333327	0.08333333333333333	646	9	0.6
0.0033333333333333327	0.08333333333333333	647	9	0.8
1.0	0.1	2	9	0.0
1.0	0.1	4	9	0.0
1.0	0.1	8	9	0.0
1.0	0.1	16	9	0.0
1.0	0.1	32	9	0.0
1.0	0.1	64	9	0.0
1.0	0.1	128	9	0.0
1.0	0.1	256	9	0.0
1.0	0.1	512	9	0.7
1.0	0.1	1024	9	1.0
1.0	0.1	768	9	1.0
1.0	0.1	640	9	0.9
1.0	0.1	576	9	0.9
1.0	0.1	544	9	0.5
1.0	0.1	560	9	0.6
1.0	0.1	568	9	0.9
1.0	0.1	564	9	0.5
1.0	0.1	566	9	0.4
1.0	0.1	567	9	0.9
0.5	0.1	2	9	0.0
0.5	0.1	4	9	0.0
0.5	0.1	8	9	0.0
0.5	0.1	16	9	0.0
0.5	0.1	32	9	0.0
0.5	0.1	64	9	0.0
0.5	0.1	128	9	0.0
0.5	0.1	256	9	0.0
0.5	0.1	512	9	0.5
0.5	0.1	1024	9	1.0
0.5	0.1	768	9	1.0
0.5	0.1	640	9	0.8
0.5	0.1	704	9	0.9
0.5	0.1	672	9	1.0
0.5	0.1	656	9	1.0
0.5	0.1	648	9	0.8
0.5	0.1	652	9	0.9
0.5	0.1	650	9	1.0
0.5	0.1	649	9	0.8
0.2	0.1	2	9	0.0
0.2	0.1	4	9	0.0
0.2	0.1	8	9	0.0
0.2	0.1	16	9	0.0
0.2	0.1	32	9	0.0
0.2	0.1	64	9	0.0
0.2	0.1	128	9	0.0
0.2	0.1	256	9	0.0
0.2	0.1	512	9	0.6
0.2	0.1	1024	9	1.0
0.2	0.1	768	9	1.0
0.2	0.1	640	9	0.8
0.2	0.1	704	9	1.0
0.2	0.1	672	9	1.0
0.2	0.1	656	9	1.0
0.2	0.1	648	9	1.0
0.2	0.1	644	9	0.9
0.2	0.1	642	9	0.9
0.2	0.1	641	9	0.9
0.1111111111111111	0.1	2	9	0.0
0.1111111111111111	0.1	4	9	0.0
0.1111111111111111	0.1	8	9	0.0
0.1111111111111111	0.1	16	9	0.0
0.1111111111111111	0.1	32	9	0.0
0.1111111111111111	0.1	64	9	0.0
0.1111111111111111	0.1	128	9	0.0
0.1111111111111111	0.1	256	9	0.1
0.1111111111111111	0.1	512	9	0.7
0.1111111111111111	0.1	1024	9	1.0
0.1111111111111111	0.1	768	9	0.9
0.1111111111111111	0.1	640	9	0.7
0.1111111111111111	0.1	704	9	1.0
0.1111111111111111	0.1	672	9	0.9
0.1111111111111111	0.1	656	9	0.9
0.1111111111111111	0.1	648	9	0.8
0.1111111111111111	0.1	652	9	0.8
0.1111111111111111	0.1	654	9	0.9
0.1111111111111111	0.1	653	9	1.0
0.07692307692307693	0.1	2	9	0.0
0.07692307692307693	0.1	4	9	0.0
0.07692307692307693	0.1	8	9	0.0
0.07692307692307693	0.1	16	9	0.0
0.07692307692307693	0.1	32	9	0.0
0.07692307692307693	0.1	64	9	0.0
0.07692307692307693	0.1	128	9	0.0
0.07692307692307693	0.1	256	9	0.0
0.07692307692307693	0.1	512	9	0.7
0.07692307692307693	0.1	1024	9	1.0
0.07692307692307693	0.1	768	9	1.0
0.07692307692307693	0.1	640	9	0.8
0.07692307692307693	0.1	704	9	1.0
0.07692307692307693	0.1	672	9	0.9
0.07692307692307693	0.1	656	9	0.9
0.07692307692307693	0.1	648	9	0.9
0.07692307692307693	0.1	644	9	0.8
0.07692307692307693	0.1	646	9	0.9
0.07692307692307693	0.1	645	9	0.9
0.05882352941176471	0.1	2	9	0.0
0.05882352941176471	0.1	4	9	0.0
0.05882352941176471	0.1	8	9	0.0
0.05882352941176471	0.1	16	9	0.0
0.05882352941176471	0.1	32	9	0.0
0.05882352941176471	0.1	64	9	0.0
0.05882352941176471	0.1	128	9	0.0
0.05882352941176471	0.1	256	9	0.0
0.05882352941176471	0.1	512	9	0.8
0.05882352941176471	0.1	1024	9	1.0
0.05882352941176471	0.1	768	9	1.0
0.05882352941176471	0.1	640	9	0.9
0.05882352941176471	0.1	576	9	0.9
0.05882352941176471	0.1	544	9	0.9
0.05882352941176471	0.1	528	9	0.8
0.05882352941176471	0.1	536	9	1.0
0.05882352941176471	0.1	532	9	0.8
0.05882352941176471	0.1	534	9	0.8
0.05882352941176471	0.1	535	9	1.0
0.047619047619047616	0.1	2	9	0.0
0.047619047619047616	0.1	4	9	0.0
0.047619047619047616	0.1	8	9	0.0
0.047619047619047616	0.1	16	9	0.0
0.047619047619047616	0.1	32	9	0.0
0.047619047619047616	0.1	64	9	0.0
0.047619047619047616	0.1	128	9	0.0
0.047619047619047616	0.1	256	9	0.0
0.047619047619047616	0.1	512	9	0.7
0.047619047619047616	0.1	1024	9	1.0
0.047619047619047616	0.1	768	9	1.0
0.047619047619047616	0.1	640	9	1.0
0.047619047619047616	0.1	576	9	0.8
0.047619047619047616	0.1	608	9	0.9
0.047619047619047616	0.1	592	9	0.7
0.047619047619047616	0.1	600	9	0.8
0.047619047619047616	0.1	604	9	0.8
0.047619047619047616	0.1	606	9	0.8
0.047619047619047616	0.1	607	9	0.8
0.04	0.1	2	9	0.0
0.04	0.1	4	9	0.0
0.04	0.1	8	9	0.0
0.04	0.1	16	9	0.0
0.04	0.1	32	9	0.0
0.04	0.1	64	9	0.0
0.04	0.1	128	9	0.0
0.04	0.1	256	9	0.0
0.04	0.1	512	9	0.4
0.04	0.1	1024	9	1.0
0.04	0.1	768	9	1.0
0.04	0.1	640	9	1.0
0.04	0.1	576	9	0.9
0.04	0.1	544	9	0.9
0.04	0.1	528	9	0.7
0.04	0.1	536	9	0.7
0.04	0.1	540	9	0.5
0.04	0.1	542	9	1.0
0.04	0.1	541	9	0.6
0.03448275862068965	0.1	2	9	0.0
0.03448275862068965	0.1	4	9	0.0
0.03448275862068965	0.1	8	9	0.0
0.03448275862068965	0.1	16	9	0.0
0.03448275862068965	0.1	32	9	0.0
0.03448275862068965	0.1	64	9	0.0
0.03448275862068965	0.1	128	9	0.0
0.03448275862068965	0.1	256	9	0.0
0.03448275862068965	0.1	512	9	0.6
0.03448275862068965	0.1	1024	9	1.0
0.03448275862068965	0.1	768	9	1.0
0.03448275862068965	0.1	640	9	1.0
0.03448275862068965	0.1	576	9	0.8
0.03448275862068965	0.1	608	9	0.8
0.03448275862068965	0.1	624	9	1.0
0.03448275862068965	0.1	616	9	0.7
0.03448275862068965	0.1	620	9	1.0
0.03448275862068965	0.1	618	9	1.0
0.03448275862068965	0.1	617	9	0.9
0.030303030303030307	0.1	2	9	0.0
0.030303030303030307	0.1	4	9	0.0
0.030303030303030307	0.1	8	9	0.0
0.030303030303030307	0.1	16	9	0.0
0.030303030303030307	0.1	32	9	0.0
0.030303030303030307	0.1	64	9	0.0
0.030303030303030307	0.1	128	9	0.0
0.030303030303030307	0.1	256	9	0.0
0.030303030303030307	0.1	512	9	0.6
0.030303030303030307	0.1	1024	9	1.0
0.030303030303030307	0.1	768	9	1.0
0.030303030303030307	0.1	640	9	1.0
0.030303030303030307	0.1	576	9	0.9
0.030303030303030307	0.1	544	9	0.6
0.030303030303030307	0.1	560	9	0.9
0.030303030303030307	0.1	552	9	0.8
0.030303030303030307	0.1	556	9	0.7
0.030303030303030307	0.1	558	9	0.6
0.030303030303030307	0.1	559	9	0.6
0.006666666666666667	0.1	2	9	0.0
0.006666666666666667	0.1	4	9	0.0
0.006666666666666667	0.1	8	9	0.0
0.006666666666666667	0.1	16	9	0.0
0.006666666666666667	0.1	32	9	0.0
0.006666666666666667	0.1	64	9	0.0
0.006666666666666667	0.1	128	9	0.0
0.006666666666666667	0.1	256	9	0.0
0.006666666666666667	0.1	512	9	0.7
0.006666666666666667	0.1	1024	9	1.0
0.006666666666666667	0.1	768	9	0.9
0.006666666666666667	0.1	640	9	0.8
0.006666666666666667	0.1	704	9	1.0
0.006666666666666667	0.1	672	9	1.0
0.006666666666666667	0.1	656	9	0.9
0.006666666666666667	0.1	648	9	0.8
0.006666666666666667	0.1	652	9	1.0
0.006666666666666667	0.1	650	9	0.9
0.006666666666666667	0.1	649	9	1.0
0.0033333333333333327	0.1	2	9	0.0
0.0033333333333333327	0.1	4	9	0.0
0.0033333333333333327	0.1	8	9	0.0
0.0033333333333333327	0.1	16	9	0.0
0.0033333333333333327	0.1	32	9	0.0
0.0033333333333333327	0.1	64	9	0.0
0.0033333333333333327	0.1	128	9	0.0
0.0033333333333333327	0.1	256	9	0.0
0.0033333333333333327	0.1	512	9	0.5
0.0033333333333333327	0.1	1024	9	1.0
0.0033333333333333327	0.1	768	9	1.0
0.0033333333333333327	0.1	640	9	0.6
0.0033333333333333327	0.1	704	9	1.0
0.0033333333333333327	0.1	672	9	1.0
0.0033333333333333327	0.1	656	9	1.0
0.0033333333333333327	0.1	648	9	0.9
0.0033333333333333327	0.1	644	9	0.9
0.0033333333333333327	0.1	642	9	0.9
0.0033333333333333327	0.1	641	9	0.9
1.0	0.125	2	9	0.0
1.0	0.125	4	9	0.0
1.0	0.125	8	9	0.0
1.0	0.125	16	9	0.0
1.0	0.125	32	9	0.0
1.0	0.125	64	9	0.0
1.0	0.125	128	9	0.0
1.0	0.125	256	9	0.0
1.0	0.125	512	9	0.7
1.0	0.125	1024	9	1.0
1.0	0.125	768	9	1.0
1.0	0.125	640	9	0.9
1.0	0.125	576	9	0.9
1.0	0.125	544	9	0.7
1.0	0.125	560	9	0.9
1.0	0.125	552	9	0.9
1.0	0.125	548	9	0.7
1.0	0.125	550	9	0.8
1.0	0.125	551	9	0.8
0.5	0.125	2	9	0.0
0.5	0.125	4	9	0.0
0.5	0.125	8	9	0.0
0.5	0.125	16	9	0.0
0.5	0.125	32	9	0.0
0.5	0.125	64	9	0.0
0.5	0.125	128	9	0.0
0.5	0.125	256	9	0.0
0.5	0.125	512	9	0.8
0.5	0.125	1024	9	1.0
0.5	0.125	768	9	1.0
0.5	0.125	640	9	1.0
0.5	0.125	576	9	0.9
0.5	0.125	544	9	1.0
0.5	0.125	528	9	0.8
0.5	0.125	536	9	1.0
0.5	0.125	532	9	0.9
0.5	0.125	530	9	1.0
0.5	0.125	529	9	0.9
0.2	0.125	2	9	0.0
0.2	0.125	4	9	0.0
0.2	0.125	8	9	0.0
0.2	0.125	16	9	0.0
0.2	0.125	32	9	0.0
0.2	0.125	64	9	0.0
0.2	0.125	128	9	0.0
0.2	0.125	256	9	0.0
0.2	0.125	512	9	0.9
0.2	0.125	384	9	0.7
0.2	0.125	448	9	0.9
0.2	0.125	416	9	0.9
0.2	0.125	400	9	0.6
0.2	0.125	408	9	0.7
0.2	0.125	412	9	0.5
0.2	0.125	414	9	0.4
0.2	0.125	415	9	0.6
0.1111111111111111	0.125	2	9	0.0
0.1111111111111111	0.125	4	9	0.0
0.1111111111111111	0.125	8	9	0.0
0.1111111111111111	0.125	16	9	0.0
0.1111111111111111	0.125	32	9	0.0
0.1111111111111111	0.125	64	9	0.0
0.1111111111111111	0.125	128	9	0.0
0.1111111111111111	0.125	256	9	0.1
0.1111111111111111	0.125	512	9	0.9
0.1111111111111111	0.125	384	9	0.6
0.1111111111111111	0.125	448	9	0.9
0.1111111111111111	0.125	416	9	0.9
0.1111111111111111	0.125	400	9	0.9
0.1111111111111111	0.125	392	9	0.4
0.1111111111111111	0.125	396	9	0.7
0.1111111111111111	0.125	398	9	0.6
0.1111111111111111	0.125	399	9	0.6
0.07692307692307693	0.125	2	9	0.0
0.07692307692307693	0.125	4	9	0.0
0.07692307692307693	0.125	8	9	0.0
0.07692307692307693	0.125	16	9	0.0
0.07692307692307693	0.125	32	9	0.0
0.07692307692307693	0.125	64	9	0.0
0.07692307692307693	0.125	128	9	0.0
0.07692307692307693	0.125	256	9	0.0
0.07692307692307693	0.125	512	9	0.8
0.07692307692307693	0.125	1024	9	1.0
0.07692307692307693	0.125	768	9	1.0
0.07692307692307693	0.125	640	9	1.0
0.07692307692307693	0.125	576	9	0.9
0.07692307692307693	0.125	544	9	1.0
0.07692307692307693	0.125	528	9	1.0
0.07692307692307693	0.125	520	9	0.7
0.07692307692307693	0.125	524	9	0.9
0.07692307692307693	0.125	522	9	1.0
0.07692307692307693	0.125	521	9	0.9
0.05882352941176471	0.125	2	9	0.0
0.05882352941176471	0.125	4	9	0.0
0.05882352941176471	0.125	8	9	0.0
0.05882352941176471	0.125	16	9	0.0
0.05882352941176471	0.125	32	9	0.0
0.05882352941176471	0.125	64	9	0.0
0.05882352941176471	0.125	128	9	0.0
0.05882352941176471	0.125	256	9	0.1
0.05882352941176471	0.125	512	9	1.0
0.05882352941176471	0.125	384	9	0.3
0.05882352941176471	0.125	448	9	0.8
0.05882352941176471	0.125	480	9	0.6
0.05882352941176471	0.125	496	9	1.0
0.05882352941176471	0.125	488	9	1.0
0.05882352941176471	0.125	484	9	1.0
0.05882352941176471	0.125	482	9	1.0
0.05882352941176471	0.125	481	9	0.9
0.047619047619047616	0.125	2	9	0.0
0.047619047619047616	0.125	4	9	0.0
0.047619047619047616	0.125	8	9	0.0
0.047619047619047616	0.125	16	9	0.0
0.047619047619047616	0.125	32	9	0.0
0.047619047619047616	0.125	64	9	0.0
0.047619047619047616	0.125	128	9	0.0
0.047619047619047616	0.125	256	9	0.0
0.047619047619047616	0.125	512	9	0.9
0.047619047619047616	0.125	384	9	0.5
0.047619047619047616	0.125	448	9	0.9
0.047619047619047616	0.125	416	9	0.6
0.047619047619047616	0.125	432	9	0.9
0.047619047619047616	0.125	424	9	0.6
0.047619047619047616	0.125	428	9	0.7
0.047619047619047616	0.125	430	9	0.9
0.047619047619047616	0.125	429	9	0.4
0.04	0.125	2	9	0.0
0.04	0.125	4	9	0.0
0.04	0.125	8	9	0.0
0.04	0.125	16	9	0.0
0.04	0.125	32	9	0.0
0.04	0.125	64	9	0.0
0.04	0.125	128	9	0.0
0.04	0.125	256	9	0.0
0.04	0.125	512	9	0.9
0.04	0.125	384	9	0.5
0.04	0.125	448	9	1.0
0.04	0.125	416	9	0.8
0.04	0.125	432	9	0.8
0.04	0.125	440	9	0.7
0.04	0.125	444	9	0.8
0.04	0.125	446	9	0.7
0.04	0.125	447	9	0.7
0.03448275862068965	0.125	2	9	0.0
0.03448275862068965	0.125	4	9	0.0
0.03448275862068965	0.125	8	9	0.0
0.03448275862068965	0.125	16	9	0.0
0.03448275862068965	0.125	32	9	0.0
0.03448275862068965	0.125	64	9	0.0
0.03448275862068965	0.125	128	9	0.0
0.03448275862068965	0.125	256	9	0.0
0.03448275862068965	0.125	512	9	1.0
0.03448275862068965	0.125	384	9	0.6
0.03448275862068965	0.125	448	9	0.8
0.03448275862068965	0.125	480	9	0.9
0.03448275862068965	0.125	464	9	0.9
0.03448275862068965	0.125	456	9	0.9
0.03448275862068965	0.125	452	9	0.9
0.03448275862068965	0.125	450	9	0.8
0.03448275862068965	0.125	451	9	1.0
0.030303030303030307	0.125	2	9	0.0
0.030303030303030307	0.125	4	9	0.0
0.030303030303030307	0.125	8	9	0.0
0.030303030303030307	0.125	16	9	0.0
0.030303030303030307	0.125	32	9	0.0
0.030303030303030307	0.125	64	9	0.0
0.030303030303030307	0.125	128	9	0.0
0.030303030303030307	0.125	256	9	0.0
0.030303030303030307	0.125	512	9	0.8
0.030303030303030307	0.125	1024	9	1.0
0.030303030303030307	0.125	768	9	1.0
0.030303030303030307	0.125	640	9	1.0
0.030303030303030307	0.125	576	9	1.0
0.030303030303030307	0.125	544	9	1.0
0.030303030303030307	0.125	528	9	1.0
0.030303030303030307	0.125	520	9	1.0
0.030303030303030307	0.125	516	9	0.7
0.030303030303030307	0.125	518	9	1.0
0.030303030303030307	0.125	517	9	0.9
0.006666666666666667	0.125	2	9	0.0
0.006666666666666667	0.125	4	9	0.0
0.006666666666666667	0.125	8	9	0.0
0.006666666666666667	0.125	16	9	0.0
0.006666666666666667	0.125	32	9	0.0
0.006666666666666667	0.125	64	9	0.0
0.006666666666666667	0.125	128	9	0.0
0.006666666666666667	0.125	256	9	0.0
0.006666666666666667	0.125	512	9	0.8
0.006666666666666667	0.125	1024	9	1.0
0.006666666666666667	0.125	768	9	1.0
0.006666666666666667	0.125	640	9	1.0
0.006666666666666667	0.125	576	9	1.0
0.006666666666666667	0.125	544	9	0.9
0.006666666666666667	0.125	528	9	0.9
0.006666666666666667	0.125	520	9	0.8
0.006666666666666667	0.125	524	9	0.9
0.006666666666666667	0.125	522	9	0.9
0.006666666666666667	0.125	521	9	0.9
0.0033333333333333327	0.125	2	9	0.0
0.0033333333333333327	0.125	4	9	0.0
0.0033333333333333327	0.125	8	9	0.0
0.0033333333333333327	0.125	16	9	0.0
0.0033333333333333327	0.125	32	9	0.0
0.0033333333333333327	0.125	64	9	0.0
0.0033333333333333327	0.125	128	9	0.0
0.0033333333333333327	0.125	256	9	0.0
0.0033333333333333327	0.125	512	9	0.8
0.0033333333333333327	0.125	1024	9	1.0
0.0033333333333333327	0.125	768	9	1.0
0.0033333333333333327	0.125	640	9	1.0
0.0033333333333333327	0.125	576	9	1.0
0.0033333333333333327	0.125	544	9	0.9
0.0033333333333333327	0.125	528	9	0.9
0.0033333333333333327	0.125	520	9	1.0
0.0033333333333333327	0.125	516	9	0.9
0.0033333333333333327	0.125	514	9	1.0
0.0033333333333333327	0.125	513	9	0.9
1.0	0.16666666666666666	2	9	0.0
1.0	0.16666666666666666	4	9	0.0
1.0	0.16666666666666666	8	9	0.0
1.0	0.16666666666666666	16	9	0.0
1.0	0.16666666666666666	32	9	0.0
1.0	0.16666666666666666	64	9	0.0
1.0	0.16666666666666666	128	9	0.0
1.0	0.16666666666666666	256	9	0.2
1.0	0.16666666666666666	512	9	0.8
1.0	0.16666666666666666	1024	9	1.0
1.0	0.16666666666666666	768	9	1.0
1.0	0.16666666666666666	640	9	1.0
1.0	0.16666666666666666	576	9	0.9
1.0	0.16666666666666666	544	9	0.8
1.0	0.16666666666666666	560	9	1.0
1.0	0.16666666666666666	552	9	1.0
1.0	0.16666666666666666	548	9	0.9
1.0	0.16666666666666666	546	9	0.9
1.0	0.16666666666666666	545	9	1.0
0.5	0.16666666666666666	2	9	0.0
0.5	0.16666666666666666	4	9	0.0
0.5	0.16666666666666666	8	9	0.0
0.5	0.16666666666666666	16	9	0.0
0.5	0.16666666666666666	32	9	0.0
0.5	0.16666666666666666	64	9	0.0
0.5	0.16666666666666666	128	9	0.0
0.5	0.16666666666666666	256	9	0.0
0.5	0.16666666666666666	512	9	0.9
0.5	0.16666666666666666	384	9	1.0
0.5	0.16666666666666666	320	9	0.4
0.5	0.16666666666666666	352	9	0.8
0.5	0.16666666666666666	368	9	0.9
0.5	0.16666666666666666	360	9	0.6
0.5	0.16666666666666666	364	9	0.7
0.5	0.16666666666666666	366	9	0.9
0.5	0.16666666666666666	365	9	0.9
0.2	0.16666666666666666	2	9	0.0
0.2	0.16666666666666666	4	9	0.0
0.2	0.16666666666666666	8	9	0.0
0.2	0.16666666666666666	16	9	0.0
0.2	0.16666666666666666	32	9	0.0
0.2	0.16666666666666666	64	9	0.0
0.2	0.16666666666666666	128	9	0.0
0.2	0.16666666666666666	256	9	0.2
0.2	0.16666666666666666	512	9	0.9
0.2	0.16666666666666666	384	9	0.8
0.2	0.16666666666666666	448	9	1.0
0.2	0.16666666666666666	416	9	0.9
0.2	0.16666666666666666	400	9	0.9
0.2	0.16666666666666666	392	9	0.8
0.2	0.16666666666666666	396	9	1.0
0.2	0.16666666666666666	394	9	0.7
0.2	0.16666666666666666	395	9	0.9
0.1111111111111111	0.16666666666666666	2	9	0.0
0.1111111111111111	0.16666666666666666	4	9	0.0
0.1111111111111111	0.16666666666666666	8	9	0.0
0.1111111111111111	0.16666666666666666	16	9	0.0
0.1111111111111111	0.16666666666666666	32	9	0.0
0.1111111111111111	0.16666666666666666	64	9	0.0
0.1111111111111111	0.16666666666666666	128	9	0.0
0.1111111111111111	0.16666666666666666	256	9	0.2
0.1111111111111111	0.16666666666666666	512	9	1.0
0.1111111111111111	0.16666666666666666	384	9	1.0
0.1111111111111111	0.16666666666666666	320	9	0.7
0.1111111111111111	0.16666666666666666	352	9	0.9
0.1111111111111111	0.16666666666666666	336	9	0.7
0.1111111111111111	0.16666666666666666	344	9	0.6
0.1111111111111111	0.16666666666666666	348	9	0.8
0.1111111111111111	0.16666666666666666	350	9	0.8
0.1111111111111111	0.16666666666666666	351	9	0.8
0.07692307692307693	0.16666666666666666	2	9	0.0
0.07692307692307693	0.16666666666666666	4	9	0.0
0.07692307692307693	0.16666666666666666	8	9	0.0
0.07692307692307693	0.16666666666666666	16	9	0.0
0.07692307692307693	0.16666666666666666	32	9	0.0
0.07692307692307693	0.16666666666666666	64	9	0.0
0.07692307692307693	0.16666666666666666	128	9	0.0
0.07692307692307693	0.16666666666666666	256	9	0.1
0.07692307692307693	0.16666666666666666	512	9	1.0
0.07692307692307693	0.16666666666666666	384	9	0.5
0.07692307692307693	0.16666666666666666	448	9	1.0
0.07692307692307693	0.16666666666666666	416	9	1.0
0.07692307692307693	0.16666666666666666	400	9	0.9
0.07692307692307693	0.16666666666666666	392	9	0.9
0.07692307692307693	0.16666666666666666	388	9	1.0
0.07692307692307693	0.16666666666666666	386	9	0.9
0.07692307692307693	0.16666666666666666	385	9	0.9
0.05882352941176471	0.16666666666666666	2	9	0.0
0.05882352941176471	0.16666666666666666	4	9	0.0
0.05882352941176471	0.16666666666666666	8	9	0.0
0.05882352941176471	0.16666666666666666	16	9	0.0
0.05882352941176471	0.16666666666666666	32	9	0.0
0.05882352941176471	0.16666666666666666	64	9	0.0
0.05882352941176471	0.16666666666666666	128	9	0.0
0.05882352941176471	0.16666666666666666	256	9	0.3
0.05882352941176471	0.16666666666666666	512	9	1.0
0.05882352941176471	0.16666666666666666	384	9	0.6
0.05882352941176471	0.16666666666666666	448	9	0.8
0.05882352941176471	0.16666666666666666	480	9	0.9
0.05882352941176471	0.16666666666666666	464	9	1.0
0.05882352941176471	0.16666666666666666	456	9	1.0
0.05882352941176471	0.16666666666666666	452	9	1.0
0.05882352941176471	0.16666666666666666	450	9	0.9
0.05882352941176471	0.16666666666666666	449	9	1.0
0.047619047619047616	0.16666666666666666	2	9	0.0
0.047619047619047616	0.16666666666666666	4	9	0.0
0.047619047619047616	0.16666666666666666	8	9	0.0
0.047619047619047616	0.16666666666666666	16	9	0.0
0.047619047619047616	0.16666666666666666	32	9	0.0
0.047619047619047616	0.16666666666666666	64	9	0.0
0.047619047619047616	0.16666666666666666	128	9	0.0
0.047619047619047616	0.16666666666666666	256	9	0.4
0.047619047619047616	0.16666666666666666	512	9	1.0
0.047619047619047616	0.16666666666666666	384	9	0.9
0.047619047619047616	0.16666666666666666	320	9	0.8
0.047619047619047616	0.16666666666666666	352	9	1.0
0.047619047619047616	0.16666666666666666	336	9	0.8
0.047619047619047616	0.16666666666666666	344	9	0.8
0.047619047619047616	0.16666666666666666	348	9	0.6
0.047619047619047616	0.16666666666666666	350	9	0.8
0.047619047619047616	0.16666666666666666	351	9	0.8
0.04	0.16666666666666666	2	9	0.0
0.04	0.16666666666666666	4	9	0.0
0.04	0.16666666666666666	8	9	0.0
0.04	0.16666666666666666	16	9	0.0
0.04	0.16666666666666666	32	9	0.0
0.04	0.16666666666666666	64	9	0.0
0.04	0.16666666666666666	128	9	0.0
0.04	0.16666666666666666	256	9	0.3
0.04	0.16666666666666666	512	9	1.0
0.04	0.16666666666666666	384	9	1.0
0.04	0.16666666666666666	320	9	0.9
0.04	0.16666666666666666	288	9	0.2
0.04	0.16666666666666666	304	9	0.6
0.04	0.16666666666666666	312	9	0.3
0.04	0.16666666666666666	316	9	0.6
0.04	0.16666666666666666	318	9	0.5
0.04	0.16666666666666666	319	9	0.9
0.03448275862068965	0.16666666666666666	2	9	0.0
0.03448275862068965	0.16666666666666666	4	9	0.0
0.03448275862068965	0.16666666666666666	8	9	0.0
0.03448275862068965	0.16666666666666666	16	9	0.0
0.03448275862068965	0.16666666666666666	32	9	0.0
0.03448275862068965	0.16666666666666666	64	9	0.0
0.03448275862068965	0.16666666666666666	128	9	0.0
0.03448275862068965	0.16666666666666666	256	9	0.2
0.03448275862068965	0.16666666666666666	512	9	1.0
0.03448275862068965	0.16666666666666666	384	9	1.0
0.03448275862068965	0.16666666666666666	320	9	0.7
0.03448275862068965	0.16666666666666666	352	9	0.8
0.03448275862068965	0.16666666666666666	368	9	0.9
0.03448275862068965	0.16666666666666666	360	9	0.8
0.03448275862068965	0.16666666666666666	364	9	0.8
0.03448275862068965	0.16666666666666666	366	9	0.9
0.03448275862068965	0.16666666666666666	365	9	1.0
0.030303030303030307	0.16666666666666666	2	9	0.0
0.030303030303030307	0.16666666666666666	4	9	0.0
0.030303030303030307	0.16666666666666666	8	9	0.0
0.030303030303030307	0.16666666666666666	16	9	0.0
0.030303030303030307	0.16666666666666666	32	9	0.0
0.030303030303030307	0.16666666666666666	64	9	0.0
0.030303030303030307	0.16666666666666666	128	9	0.0
0.030303030303030307	0.16666666666666666	256	9	0.3
0.030303030303030307	0.16666666666666666	512	9	1.0
0.030303030303030307	0.16666666666666666	384	9	0.9
0.030303030303030307	0.16666666666666666	320	9	0.7
0.030303030303030307	0.16666666666666666	352	9	1.0
0.030303030303030307	0.16666666666666666	336	9	0.9
0.030303030303030307	0.16666666666666666	328	9	0.8
0.030303030303030307	0.16666666666666666	332	9	0.9
0.030303030303030307	0.16666666666666666	330	9	0.9
0.030303030303030307	0.16666666666666666	329	9	0.5
0.006666666666666667	0.16666666666666666	2	9	0.0
0.006666666666666667	0.16666666666666666	4	9	0.0
0.006666666666666667	0.16666666666666666	8	9	0.0
0.006666666666666667	0.16666666666666666	16	9	0.0
0.006666666666666667	0.16666666666666666	32	9	0.0
0.006666666666666667	0.16666666666666666	64	9	0.0
0.006666666666666667	0.16666666666666666	128	9	0.0
0.006666666666666667	0.16666666666666666	256	9	0.0
0.006666666666666667	0.16666666666666666	512	9	1.0
0.006666666666666667	0.16666666666666666	384	9	1.0
0.006666666666666667	0.16666666666666666	320	9	0.6
0.006666666666666667	0.16666666666666666	352	9	0.8
0.006666666666666667	0.16666666666666666	368	9	1.0
0.006666666666666667	0.16666666666666666	360	9	0.9
0.006666666666666667	0.16666666666666666	356	9	0.9
0.006666666666666667	0.16666666666666666	354	9	0.8
0.006666666666666667	0.16666666666666666	355	9	0.8
0.0033333333333333327	0.16666666666666666	2	9	0.0
0.0033333333333333327	0.16666666666666666	4	9	0.0
0.0033333333333333327	0.16666666666666666	8	9	0.0
0.0033333333333333327	0.16666666666666666	16	9	0.0
0.0033333333333333327	0.16666666666666666	32	9	0.0
0.0033333333333333327	0.16666666666666666	64	9	0.0
0.0033333333333333327	0.16666666666666666	128	9	0.0
0.0033333333333333327	0.16666666666666666	256	9	0.3
0.0033333333333333327	0.16666666666666666	512	9	1.0
0.0033333333333333327	0.16666666666666666	384	9	0.9
0.0033333333333333327	0.16666666666666666	320	9	0.8
0.0033333333333333327	0.16666666666666666	352	9	0.9
0.0033333333333333327	0.16666666666666666	336	9	0.8
0.0033333333333333327	0.16666666666666666	344	9	0.8
0.0033333333333333327	0.16666666666666666	348	9	0.8
0.0033333333333333327	0.16666666666666666	350	9	0.7
0.0033333333333333327	0.16666666666666666	351	9	0.9
1.0	0.25	2	9	0.0
1.0	0.25	4	9	0.0
1.0	0.25	8	9	0.0
1.0	0.25	16	9	0.0
1.0	0.25	32	9	0.0
1.0	0.25	64	9	0.0
1.0	0.25	128	9	0.0
1.0	0.25	256	9	0.5
1.0	0.25	512	9	1.0
1.0	0.25	384	9	1.0
1.0	0.25	320	9	0.8
1.0	0.25	352	9	0.6
1.0	0.25	368	9	0.7
1.0	0.25	376	9	0.9
1.0	0.25	372	9	1.0
1.0	0.25	370	9	0.9
1.0	0.25	369	9	0.9
0.5	0.25	2	9	0.0
0.5	0.25	4	9	0.0
0.5	0.25	8	9	0.0
0.5	0.25	16	9	0.0
0.5	0.25	32	9	0.0
0.5	0.25	64	9	0.0
0.5	0.25	128	9	0.0
0.5	0.25	256	9	0.8
0.5	0.25	512	9	1.0
0.5	0.25	384	9	1.0
0.5	0.25	320	9	1.0
0.5	0.25	288	9	0.6
0.5	0.25	304	9	0.7
0.5	0.25	312	9	0.8
0.5	0.25	316	9	0.9
0.5	0.25	314	9	0.7
0.5	0.25	315	9	1.0
0.2	0.25	2	9	0.0
0.2	0.25	4	9	0.0
0.2	0.25	8	9	0.0
0.2	0.25	16	9	0.0
0.2	0.25	32	9	0.0
0.2	0.25	64	9	0.0
0.2	0.25	128	9	0.0
0.2	0.25	256	9	0.8
0.2	0.25	512	9	1.0
0.2	0.25	384	9	1.0
0.2	0.25	320	9	1.0
0.2	0.25	288	9	0.9
0.2	0.25	272	9	0.9
0.2	0.25	264	9	0.8
0.2	0.25	268	9	1.0
0.2	0.25	266	9	0.9
0.2	0.25	265	9	0.9
0.1111111111111111	0.25	2	9	0.0
0.1111111111111111	0.25	4	9	0.0
0.1111111111111111	0.25	8	9	0.0
0.1111111111111111	0.25	16	9	0.0
0.1111111111111111	0.25	32	9	0.0
0.1111111111111111	0.25	64	9	0.0
0.1111111111111111	0.25	128	9	0.0
0.1111111111111111	0.25	256	9	0.7
0.1111111111111111	0.25	512	9	1.0
0.1111111111111111	0.25	384	9	1.0
0.1111111111111111	0.25	320	9	1.0
0.1111111111111111	0.25	288	9	0.8
0.1111111111111111	0.25	304	9	1.0
0.1111111111111111	0.25	296	9	1.0
0.1111111111111111	0.25	292	9	1.0
0.1111111111111111	0.25	290	9	1.0
0.1111111111111111	0.25	289	9	0.9
0.07692307692307693	0.25	2	9	0.0
0.07692307692307693	0.25	4	9	0.0
0.07692307692307693	0.25	8	9	0.0
0.07692307692307693	0.25	16	9	0.0
0.07692307692307693	0.25	32	9	0.0
0.07692307692307693	0.25	64	9	0.0
0.07692307692307693	0.25	128	9	0.0
0.07692307692307693	0.25	256	9	0.7
0.07692307692307693	0.25	512	9	1.0
0.07692307692307693	0.25	384	9	1.0
0.07692307692307693	0.25	320	9	1.0
0.07692307692307693	0.25	288	9	0.8
0.07692307692307693	0.25	304	9	0.8
0.07692307692307693	0.25	312	9	1.0
0.07692307692307693	0.25	308	9	1.0
0.07692307692307693	0.25	306	9	1.0
0.07692307692307693	0.25	305	9	0.9
0.05882352941176471	0.25	2	9	0.0
0.05882352941176471	0.25	4	9	0.0
0.05882352941176471	0.25	8	9	0.0
0.05882352941176471	0.25	16	9	0.0
0.05882352941176471	0.25	32	9	0.0
0.05882352941176471	0.25	64	9	0.0
0.05882352941176471	0.25	128	9	0.0
0.05882352941176471	0.25	256	9	0.7
0.05882352941176471	0.25	512	9	1.0
0.05882352941176471	0.25	384	9	1.0
0.05882352941176471	0.25	320	9	0.9
0.05882352941176471	0.25	288	9	0.9
0.05882352941176471	0.25	272	9	1.0
0.05882352941176471	0.25	264	9	1.0
0.05882352941176471	0.25	260	9	0.9
0.05882352941176471	0.25	258	9	0.5
0.05882352941176471	0.25	259	9	0.9
0.047619047619047616	0.25	2	9	0.0
0.047619047619047616	0.25	4	9	0.0
0.047619047619047616	0.25	8	9	0.0
0.047619047619047616	0.25	16	9	0.0
0.047619047619047616	0.25	32	9	0.0
0.047619047619047616	0.25	64	9	0.0
0.047619047619047616	0.25	128	9	0.0
0.047619047619047616	0.25	256	9	0.9
0.047619047619047616	0.25	192	9	0.2
0.047619047619047616	0.25	224	9	0.5
0.047619047619047616	0.25	240	9	0.7
0.047619047619047616	0.25	248	9	0.8
0.047619047619047616	0.25	252	9	0.7
0.047619047619047616	0.25	254	9	0.8
0.047619047619047616	0.25	255	9	0.7
0.04	0.25	2	9	0.0
0.04	0.25	4	9	0.0
0.04	0.25	8	9	0.0
0.04	0.25	16	9	0.0
0.04	0.25	32	9	0.0
0.04	0.25	64	9	0.0
0.04	0.25	128	9	0.0
0.04	0.25	256	9	0.8
0.04	0.25	512	9	1.0
0.04	0.25	384	9	1.0
0.04	0.25	320	9	1.0
0.04	0.25	288	9	0.9
0.04	0.25	272	9	1.0
0.04	0.25	264	9	0.9
0.04	0.25	260	9	0.8
0.04	0.25	262	9	0.9
0.04	0.25	261	9	0.9
0.03448275862068965	0.25	2	9	0.0
0.03448275862068965	0.25	4	9	0.0
0.03448275862068965	0.25	8	9	0.0
0.03448275862068965	0.25	16	9	0.0
0.03448275862068965	0.25	32	9	0.0
0.03448275862068965	0.25	64	9	0.0
0.03448275862068965	0.25	128	9	0.0
0.03448275862068965	0.25	256	9	0.9
0.03448275862068965	0.25	192	9	0.6
0.03448275862068965	0.25	224	9	0.9
0.03448275862068965	0.25	208	9	0.7
0.03448275862068965	0.25	216	9	0.6
0.03448275862068965	0.25	220	9	0.5
0.03448275862068965	0.25	222	9	0.7
0.03448275862068965	0.25	223	9	0.6
0.030303030303030307	0.25	2	9	0.0
0.030303030303030307	0.25	4	9	0.0
0.030303030303030307	0.25	8	9	0.0
0.030303030303030307	0.25	16	9	0.0
0.030303030303030307	0.25	32	9	0.0
0.030303030303030307	0.25	64	9	0.0
0.030303030303030307	0.25	128	9	0.1
0.030303030303030307	0.25	256	9	0.9
0.030303030303030307	0.25	192	9	0.2
0.030303030303030307	0.25	224	9	0.5
0.030303030303030307	0.25	240	9	0.9
0.030303030303030307	0.25	232	9	0.6
0.030303030303030307	0.25	236	9	0.7
0.030303030303030307	0.25	238	9	0.7
0.030303030303030307	0.25	239	9	0.7
0.006666666666666667	0.25	2	9	0.0
0.006666666666666667	0.25	4	9	0.0
0.006666666666666667	0.25	8	9	0.0
0.006666666666666667	0.25	16	9	0.0
0.006666666666666667	0.25	32	9	0.0
0.006666666666666667	0.25	64	9	0.0
0.006666666666666667	0.25	128	9	0.0
0.006666666666666667	0.25	256	9	0.7
0.006666666666666667	0.25	512	9	1.0
0.006666666666666667	0.25	384	9	1.0
0.006666666666666667	0.25	320	9	1.0
0.006666666666666667	0.25	288	9	0.9
0.006666666666666667	0.25	272	9	1.0
0.006666666666666667	0.25	264	9	0.9
0.006666666666666667	0.25	260	9	0.8
0.006666666666666667	0.25	262	9	0.7
0.006666666666666667	0.25	263	9	0.7
0.0033333333333333327	0.25	2	9	0.0
0.0033333333333333327	0.25	4	9	0.0
0.0033333333333333327	0.25	8	9	0.0
0.0033333333333333327	0.25	16	9	0.0
0.0033333333333333327	0.25	32	9	0.0
0.0033333333333333327	0.25	64	9	0.0
0.0033333333333333327	0.25	128	9	0.1
0.0033333333333333327	0.25	256	9	0.9
0.0033333333333333327	0.25	192	9	0.5
0.0033333333333333327	0.25	224	9	0.8
0.0033333333333333327	0.25	240	9	0.7
0.0033333333333333327	0.25	248	9	0.9
0.0033333333333333327	0.25	244	9	0.9
0.0033333333333333327	0.25	242	9	0.9
0.0033333333333333327	0.25	241	9	0.9
1.0	0.5	2	9	0.0
1.0	0.5	4	9	0.0
1.0	0.5	8	9	0.0
1.0	0.5	16	9	0.0
1.0	0.5	32	9	0.0
1.0	0.5	64	9	0.0
1.0	0.5	128	9	0.0
1.0	0.5	256	9	0.9
1.0	0.5	192	9	1.0
1.0	0.5	160	9	0.2
1.0	0.5	176	9	0.3
1.0	0.5	184	9	0.7
1.0	0.5	188	9	0.5
1.0	0.5	190	9	0.7
1.0	0.5	191	9	0.9
0.5	0.5	2	9	0.0
0.5	0.5	4	9	0.0
0.5	0.5	8	9	0.0
0.5	0.5	16	9	0.0
0.5	0.5	32	9	0.0
0.5	0.5	64	9	0.0
0.5	0.5	128	9	0.3
0.5	0.5	256	9	1.0
0.5	0.5	192	9	1.0
0.5	0.5	160	9	0.6
0.5	0.5	176	9	0.7
0.5	0.5	184	9	0.8
0.5	0.5	188	9	0.5
0.5	0.5	190	9	0.9
0.5	0.5	189	9	0.8
0.2	0.5	2	9	0.0
0.2	0.5	4	9	0.0
0.2	0.5	8	9	0.0
0.2	0.5	16	9	0.0
0.2	0.5	32	9	0.0
0.2	0.5	64	9	0.0
0.2	0.5	128	9	0.5
0.2	0.5	256	9	1.0
0.2	0.5	192	9	0.9
0.2	0.5	160	9	0.6
0.2	0.5	176	9	0.9
0.2	0.5	168	9	0.8
0.2	0.5	172	9	0.8
0.2	0.5	174	9	1.0
0.2	0.5	173	9	1.0
0.1111111111111111	0.5	2	9	0.0
0.1111111111111111	0.5	4	9	0.0
0.1111111111111111	0.5	8	9	0.0
0.1111111111111111	0.5	16	9	0.0
0.1111111111111111	0.5	32	9	0.0
0.1111111111111111	0.5	64	9	0.0
0.1111111111111111	0.5	128	9	0.7
0.1111111111111111	0.5	256	9	1.0
0.1111111111111111	0.5	192	9	0.8
0.1111111111111111	0.5	224	9	1.0
0.1111111111111111	0.5	208	9	1.0
0.1111111111111111	0.5	200	9	1.0
0.1111111111111111	0.5	196	9	0.9
0.1111111111111111	0.5	194	9	1.0
0.1111111111111111	0.5	193	9	0.9
0.07692307692307693	0.5	2	9	0.0
0.07692307692307693	0.5	4	9	0.0
0.07692307692307693	0.5	8	9	0.0
0.07692307692307693	0.5	16	9	0.0
0.07692307692307693	0.5	32	9	0.0
0.07692307692307693	0.5	64	9	0.0
0.07692307692307693	0.5	128	9	0.6
0.07692307692307693	0.5	256	9	0.9
0.07692307692307693	0.5	192	9	0.9
0.07692307692307693	0.5	160	9	0.7
0.07692307692307693	0.5	176	9	1.0
0.07692307692307693	0.5	168	9	0.9
0.07692307692307693	0.5	164	9	1.0
0.07692307692307693	0.5	162	9	0.9
0.07692307692307693	0.5	161	9	0.8
0.05882352941176471	0.5	2	9	0.0
0.05882352941176471	0.5	4	9	0.0
0.05882352941176471	0.5	8	9	0.0
0.05882352941176471	0.5	16	9	0.0
0.05882352941176471	0.5	32	9	0.0
0.05882352941176471	0.5	64	9	0.0
0.05882352941176471	0.5	128	9	0.7
0.05882352941176471	0.5	256	9	1.0
0.05882352941176471	0.5	192	9	0.9
0.05882352941176471	0.5	160	9	0.8
0.05882352941176471	0.5	176	9	1.0
0.05882352941176471	0.5	168	9	1.0
0.05882352941176471	0.5	164	9	0.9
0.05882352941176471	0.5	162	9	0.9
0.05882352941176471	0.5	161	9	0.8
0.047619047619047616	0.5	2	9	0.0
0.047619047619047616	0.5	4	9	0.0
0.047619047619047616	0.5	8	9	0.0
0.047619047619047616	0.5	16	9	0.0
0.047619047619047616	0.5	32	9	0.0
0.047619047619047616	0.5	64	9	0.0
0.047619047619047616	0.5	128	9	0.5
0.047619047619047616	0.5	256	9	1.0
0.047619047619047616	0.5	192	9	1.0
0.047619047619047616	0.5	160	9	0.7
0.047619047619047616	0.5	176	9	0.9
0.047619047619047616	0.5	168	9	0.9
0.047619047619047616	0.5	164	9	0.9
0.047619047619047616	0.5	162	9	1.0
0.047619047619047616	0.5	161	9	0.9
0.04	0.5	2	9	0.0
0.04	0.5	4	9	0.0
0.04	0.5	8	9	0.0
0.04	0.5	16	9	0.0
0.04	0.5	32	9	0.0
0.04	0.5	64	9	0.1
0.04	0.5	128	9	0.7
0.04	0.5	256	9	1.0
0.04	0.5	192	9	1.0
0.04	0.5	160	9	0.9
0.04	0.5	144	9	0.7
0.04	0.5	152	9	0.9
0.04	0.5	148	9	0.7
0.04	0.5	150	9	0.7
0.04	0.5	151	9	1.0
0.03448275862068965	0.5	2	9	0.0
0.03448275862068965	0.5	4	9	0.0
0.03448275862068965	0.5	8	9	0.0
0.03448275862068965	0.5	16	9	0.0
0.03448275862068965	0.5	32	9	0.0
0.03448275862068965	0.5	64	9	0.0
0.03448275862068965	0.5	128	9	0.6
0.03448275862068965	0.5	256	9	1.0
0.03448275862068965	0.5	192	9	0.8
0.03448275862068965	0.5	224	9	1.0
0.03448275862068965	0.5	208	9	1.0
0.03448275862068965	0.5	200	9	0.8
0.03448275862068965	0.5	204	9	1.0
0.03448275862068965	0.5	202	9	1.0
0.03448275862068965	0.5	201	9	1.0
0.030303030303030307	0.5	2	9	0.0
0.030303030303030307	0.5	4	9	0.0
0.030303030303030307	0.5	8	9	0.0
0.030303030303030307	0.5	16	9	0.0
0.030303030303030307	0.5	32	9	0.0
0.030303030303030307	0.5	64	9	0.0
0.030303030303030307	0.5	128	9	0.4
0.030303030303030307	0.5	256	9	1.0
0.030303030303030307	0.5	192	9	0.9
0.030303030303030307	0.5	160	9	0.9
0.030303030303030307	0.5	144	9	0.7
0.030303030303030307	0.5	152	9	0.9
0.030303030303030307	0.5	148	9	0.7
0.030303030303030307	0.5	150	9	0.7
0.030303030303030307	0.5	151	9	0.6
0.006666666666666667	0.5	2	9	0.1
0.006666666666666667	0.5	4	9	0.0
0.006666666666666667	0.5	8	9	0.0
0.006666666666666667	0.5	16	9	0.0
0.006666666666666667	0.5	32	9	0.0
0.006666666666666667	0.5	64	9	0.0
0.006666666666666667	0.5	128	9	0.8
0.006666666666666667	0.5	256	9	1.0
0.006666666666666667	0.5	192	9	1.0
0.006666666666666667	0.5	160	9	0.9
0.006666666666666667	0.5	144	9	0.9
0.006666666666666667	0.5	136	9	0.8
0.006666666666666667	0.5	140	9	0.8
0.006666666666666667	0.5	142	9	0.7
0.006666666666666667	0.5	143	9	0.7
0.0033333333333333327	0.5	2	9	0.0
0.0033333333333333327	0.5	4	9	0.0
0.0033333333333333327	0.5	8	9	0.0
0.0033333333333333327	0.5	16	9	0.0
0.0033333333333333327	0.5	32	9	0.0
0.0033333333333333327	0.5	64	9	0.0
0.0033333333333333327	0.5	128	9	0.7
0.0033333333333333327	0.5	256	9	1.0
0.0033333333333333327	0.5	192	9	1.0
0.0033333333333333327	0.5	160	9	0.9
0.0033333333333333327	0.5	144	9	0.9
0.0033333333333333327	0.5	136	9	0.8
0.0033333333333333327	0.5	140	9	0.9
0.0033333333333333327	0.5	138	9	0.7
0.0033333333333333327	0.5	139	9	0.8
1.0	1.0	2	9	0.1
1.0	1.0	4	9	0.0
1.0	1.0	8	9	0.0
1.0	1.0	16	9	0.0
1.0	1.0	32	9	0.0
1.0	1.0	64	9	0.0
1.0	1.0	128	9	0.1
1.0	1.0	256	9	1.0
1.0	1.0	192	9	0.6
1.0	1.0	224	9	0.9
1.0	1.0	208	9	0.6
1.0	1.0	216	9	0.6
1.0	1.0	220	9	0.7
1.0	1.0	222	9	0.7
1.0	1.0	223	9	1.0
0.5	1.0	2	9	0.0
0.5	1.0	4	9	0.0
0.5	1.0	8	9	0.0
0.5	1.0	16	9	0.0
0.5	1.0	32	9	0.0
0.5	1.0	64	9	0.0
0.5	1.0	128	9	0.7
0.5	1.0	256	9	0.9
0.5	1.0	192	9	1.0
0.5	1.0	160	9	0.6
0.5	1.0	176	9	0.9
0.5	1.0	168	9	0.8
0.5	1.0	172	9	1.0
0.5	1.0	170	9	1.0
0.5	1.0	169	9	1.0
0.2	1.0	2	9	0.0
0.2	1.0	4	9	0.0
0.2	1.0	8	9	0.0
0.2	1.0	16	9	0.0
0.2	1.0	32	9	0.0
0.2	1.0	64	9	0.0
0.2	1.0	128	9	1.0
0.2	1.0	96	9	0.4
0.2	1.0	112	9	0.5
0.2	1.0	120	9	0.5
0.2	1.0	124	9	0.6
0.2	1.0	126	9	0.7
0.2	1.0	127	9	1.0
0.1111111111111111	1.0	2	9	0.0
0.1111111111111111	1.0	4	9	0.0
0.1111111111111111	1.0	8	9	0.0
0.1111111111111111	1.0	16	9	0.0
0.1111111111111111	1.0	32	9	0.0
0.1111111111111111	1.0	64	9	0.1
0.1111111111111111	1.0	128	9	1.0
0.1111111111111111	1.0	96	9	0.9
0.1111111111111111	1.0	80	9	0.1
0.1111111111111111	1.0	88	9	0.5
0.1111111111111111	1.0	92	9	0.5
0.1111111111111111	1.0	94	9	0.4
0.1111111111111111	1.0	95	9	0.6
0.07692307692307693	1.0	2	9	0.0
0.07692307692307693	1.0	4	9	0.0
0.07692307692307693	1.0	8	9	0.0
0.07692307692307693	1.0	16	9	0.0
0.07692307692307693	1.0	32	9	0.0
0.07692307692307693	1.0	64	9	0.1
0.07692307692307693	1.0	128	9	0.9
0.07692307692307693	1.0	96	9	0.9
0.07692307692307693	1.0	80	9	0.6
0.07692307692307693	1.0	88	9	0.4
0.07692307692307693	1.0	92	9	0.5
0.07692307692307693	1.0	94	9	0.5
0.07692307692307693	1.0	95	9	0.7
0.05882352941176471	1.0	2	9	0.0
0.05882352941176471	1.0	4	9	0.0
0.05882352941176471	1.0	8	9	0.0
0.05882352941176471	1.0	16	9	0.0
0.05882352941176471	1.0	32	9	0.0
0.05882352941176471	1.0	64	9	0.1
0.05882352941176471	1.0	128	9	1.0
0.05882352941176471	1.0	96	9	0.9
0.05882352941176471	1.0	80	9	0.3
0.05882352941176471	1.0	88	9	0.5
0.05882352941176471	1.0	92	9	0.6
0.05882352941176471	1.0	94	9	0.4
0.05882352941176471	1.0	95	9	0.6
0.047619047619047616	1.0	2	9	0.0
0.047619047619047616	1.0	4	9	0.0
0.047619047619047616	1.0	8	9	0.0
0.047619047619047616	1.0	16	9	0.0
0.047619047619047616	1.0	32	9	0.0
0.047619047619047616	1.0	64	9	0.0
0.047619047619047616	1.0	128	9	0.8
0.047619047619047616	1.0	256	9	1.0
0.047619047619047616	1.0	192	9	1.0
0.047619047619047616	1.0	160	9	1.0
0.047619047619047616	1.0	144	9	1.0
0.047619047619047616	1.0	136	9	1.0
0.047619047619047616	1.0	132	9	1.0
0.047619047619047616	1.0	130	9	0.7
0.047619047619047616	1.0	131	9	1.0
0.04	1.0	2	9	0.0
0.04	1.0	4	9	0.0
0.04	1.0	8	9	0.0
0.04	1.0	16	9	0.0
0.04	1.0	32	9	0.0
0.04	1.0	64	9	0.1
0.04	1.0	128	9	0.9
0.04	1.0	96	9	0.8
0.04	1.0	112	9	0.7
0.04	1.0	120	9	0.9
0.04	1.0	116	9	0.8
0.04	1.0	118	9	1.0
0.04	1.0	117	9	0.9
0.03448275862068965	1.0	2	9	0.0
0.03448275862068965	1.0	4	9	0.0
0.03448275862068965	1.0	8	9	0.0
0.03448275862068965	1.0	16	9	0.0
0.03448275862068965	1.0	32	9	0.0
0.03448275862068965	1.0	64	9	0.2
0.03448275862068965	1.0	128	9	0.9
0.03448275862068965	1.0	96	9	0.6
0.03448275862068965	1.0	112	9	0.7
0.03448275862068965	1.0	120	9	1.0
0.03448275862068965	1.0	116	9	1.0
0.03448275862068965	1.0	114	9	0.8
0.03448275862068965	1.0	115	9	0.9
0.030303030303030307	1.0	2	9	0.0
0.030303030303030307	1.0	4	9	0.0
0.030303030303030307	1.0	8	9	0.0
0.030303030303030307	1.0	16	9	0.0
0.030303030303030307	1.0	32	9	0.0
0.030303030303030307	1.0	64	9	0.2
0.030303030303030307	1.0	128	9	1.0
0.030303030303030307	1.0	96	9	0.6
0.030303030303030307	1.0	112	9	0.9
0.030303030303030307	1.0	104	9	0.7
0.030303030303030307	1.0	108	9	0.8
0.030303030303030307	1.0	110	9	0.9
0.030303030303030307	1.0	109	9	0.8
0.006666666666666667	1.0	2	9	0.0
0.006666666666666667	1.0	4	9	0.0
0.006666666666666667	1.0	8	9	0.0
0.006666666666666667	1.0	16	9	0.0
0.006666666666666667	1.0	32	9	0.0
0.006666666666666667	1.0	64	9	0.2
0.006666666666666667	1.0	128	9	1.0
0.006666666666666667	1.0	96	9	0.9
0.006666666666666667	1.0	80	9	0.3
0.006666666666666667	1.0	88	9	0.6
0.006666666666666667	1.0	92	9	0.5
0.006666666666666667	1.0	94	9	0.9
0.006666666666666667	1.0	93	9	0.6
0.0033333333333333327	1.0	2	9	0.0
0.0033333333333333327	1.0	4	9	0.0
0.0033333333333333327	1.0	8	9	0.0
0.0033333333333333327	1.0	16	9	0.0
0.0033333333333333327	1.0	32	9	0.0
0.0033333333333333327	1.0	64	9	0.0
0.0033333333333333327	1.0	128	9	1.0
0.0033333333333333327	1.0	96	9	0.9
0.0033333333333333327	1.0	80	9	0.6
0.0033333333333333327	1.0	88	9	0.5
0.0033333333333333327	1.0	92	9	0.6
0.0033333333333333327	1.0	94	9	0.7
0.0033333333333333327	1.0	95	9	0.8
1.0	2.0	2	9	0.0
1.0	2.0	4	9	0.0
1.0	2.0	8	9	0.0
1.0	2.0	16	9	0.0
1.0	2.0	32	9	0.0
1.0	2.0	64	9	0.0
1.0	2.0	128	9	0.0
1.0	2.0	256	9	0.4
1.0	2.0	512	9	0.9
1.0	2.0	384	9	0.8
1.0	2.0	448	9	0.7
1.0	2.0	480	9	0.7
1.0	2.0	496	9	0.9
1.0	2.0	488	9	0.7
1.0	2.0	492	9	0.8
1.0	2.0	494	9	1.0
1.0	2.0	493	9	1.0
0.5	2.0	2	9	0.0
0.5	2.0	4	9	0.0
0.5	2.0	8	9	0.0
0.5	2.0	16	9	0.0
0.5	2.0	32	9	0.0
0.5	2.0	64	9	0.0
0.5	2.0	128	9	0.1
0.5	2.0	256	9	0.9
0.5	2.0	192	9	0.7
0.5	2.0	224	9	0.8
0.5	2.0	240	9	0.7
0.5	2.0	248	9	0.9
0.5	2.0	244	9	0.7
0.5	2.0	246	9	1.0
0.5	2.0	245	9	0.9
0.2	2.0	2	9	0.0
0.2	2.0	4	9	0.0
0.2	2.0	8	9	0.0
0.2	2.0	16	9	0.0
0.2	2.0	32	9	0.0
0.2	2.0	64	9	0.0
0.2	2.0	128	9	0.9
0.2	2.0	96	9	0.1
0.2	2.0	112	9	0.5
0.2	2.0	120	9	0.6
0.2	2.0	124	9	0.5
0.2	2.0	126	9	0.6
0.2	2.0	127	9	0.6
0.1111111111111111	2.0	2	9	0.0
0.1111111111111111	2.0	4	9	0.0
0.1111111111111111	2.0	8	9	0.0
0.1111111111111111	2.0	16	9	0.0
0.1111111111111111	2.0	32	9	0.0
0.1111111111111111	2.0	64	9	0.0
0.1111111111111111	2.0	128	9	0.6
0.1111111111111111	2.0	256	9	0.9
0.1111111111111111	2.0	192	9	1.0
0.1111111111111111	2.0	160	9	0.9
0.1111111111111111	2.0	144	9	1.0
0.1111111111111111	2.0	136	9	0.8
0.1111111111111111	2.0	140	9	0.8
0.1111111111111111	2.0	142	9	0.7
0.1111111111111111	2.0	143	9	1.0
0.07692307692307693	2.0	2	9	0.0
0.07692307692307693	2.0	4	9	0.0
0.07692307692307693	2.0	8	9	0.0
0.07692307692307693	2.0	16	9	0.0
0.07692307692307693	2.0	32	9	0.0
0.07692307692307693	2.0	64	9	0.0
0.07692307692307693	2.0	128	9	0.8
0.07692307692307693	2.0	256	9	1.0
0.07692307692307693	2.0	192	9	1.0
0.07692307692307693	2.0	160	9	1.0
0.07692307692307693	2.0	144	9	0.9
0.07692307692307693	2.0	136	9	0.6
0.07692307692307693	2.0	140	9	1.0
0.07692307692307693	2.0	138	9	0.7
0.07692307692307693	2.0	139	9	0.7
0.05882352941176471	2.0	2	9	0.1
0.05882352941176471	2.0	4	9	0.0
0.05882352941176471	2.0	8	9	0.0
0.05882352941176471	2.0	16	9	0.0
0.05882352941176471	2.0	32	9	0.0
0.05882352941176471	2.0	64	9	0.1
0.05882352941176471	2.0	128	9	0.9
0.05882352941176471	2.0	96	9	0.5
0.05882352941176471	2.0	112	9	0.6
0.05882352941176471	2.0	120	9	0.8
0.05882352941176471	2.0	124	9	0.7
0.05882352941176471	2.0	126	9	0.7
0.05882352941176471	2.0	127	9	0.9
0.047619047619047616	2.0	2	9	0.0
0.047619047619047616	2.0	4	9	0.0
0.047619047619047616	2.0	8	9	0.0
0.047619047619047616	2.0	16	9	0.0
0.047619047619047616	2.0	32	9	0.0
0.047619047619047616	2.0	64	9	0.0
0.047619047619047616	2.0	128	9	1.0
0.047619047619047616	2.0	96	9	0.8
0.047619047619047616	2.0	112	9	0.5
0.047619047619047616	2.0	120	9	0.9
0.047619047619047616	2.0	116	9	1.0
0.047619047619047616	2.0	114	9	0.7
0.047619047619047616	2.0	115	9	0.9
0.04	2.0	2	9	0.0
0.04	2.0	4	9	0.0
0.04	2.0	8	9	0.0
0.04	2.0	16	9	0.0
0.04	2.0	32	9	0.0
0.04	2.0	64	9	0.1
0.04	2.0	128	9	0.8
0.04	2.0	256	9	1.0
0.04	2.0	192	9	1.0
0.04	2.0	160	9	1.0
0.04	2.0	144	9	1.0
0.04	2.0	136	9	1.0
0.04	2.0	132	9	0.9
0.04	2.0	130	9	1.0
0.04	2.0	129	9	1.0
0.03448275862068965	2.0	2	9	0.1
0.03448275862068965	2.0	4	9	0.0
0.03448275862068965	2.0	8	9	0.0
0.03448275862068965	2.0	16	9	0.0
0.03448275862068965	2.0	32	9	0.0
0.03448275862068965	2.0	64	9	0.1
0.03448275862068965	2.0	128	9	0.9
0.03448275862068965	2.0	96	9	0.9
0.03448275862068965	2.0	80	9	0.4
0.03448275862068965	2.0	88	9	0.6
0.03448275862068965	2.0	92	9	0.6
0.03448275862068965	2.0	94	9	0.6
0.03448275862068965	2.0	95	9	0.7
0.030303030303030307	2.0	2	9	0.0
0.030303030303030307	2.0	4	9	0.0
0.030303030303030307	2.0	8	9	0.1
0.030303030303030307	2.0	16	9	0.0
0.030303030303030307	2.0	32	9	0.0
0.030303030303030307	2.0	64	9	0.3
0.030303030303030307	2.0	128	9	0.9
0.030303030303030307	2.0	96	9	0.6
0.030303030303030307	2.0	112	9	0.9
0.030303030303030307	2.0	104	9	0.8
0.030303030303030307	2.0	108	9	0.7
0.030303030303030307	2.0	110	9	0.8
0.030303030303030307	2.0	111	9	0.8
0.006666666666666667	2.0	2	9	0.0
0.006666666666666667	2.0	4	9	0.0
0.006666666666666667	2.0	8	9	0.0
0.006666666666666667	2.0	16	9	0.0
0.006666666666666667	2.0	32	9	0.0
0.006666666666666667	2.0	64	9	0.1
0.006666666666666667	2.0	128	9	1.0
0.006666666666666667	2.0	96	9	0.9
0.006666666666666667	2.0	80	9	0.4
0.006666666666666667	2.0	88	9	0.6
0.006666666666666667	2.0	92	9	0.8
0.006666666666666667	2.0	94	9	1.0
0.006666666666666667	2.0	93	9	0.7
0.0033333333333333327	2.0	2	9	0.0
0.0033333333333333327	2.0	4	9	0.0
0.0033333333333333327	2.0	8	9	0.0
0.0033333333333333327	2.0	16	9	0.0
0.0033333333333333327	2.0	32	9	0.0
0.0033333333333333327	2.0	64	9	0.3
0.0033333333333333327	2.0	128	9	0.9
0.0033333333333333327	2.0	96	9	1.0
0.0033333333333333327	2.0	80	9	0.4
0.0033333333333333327	2.0	88	9	0.6
0.0033333333333333327	2.0	92	9	0.8
0.0033333333333333327	2.0	94	9	0.5
0.0033333333333333327	2.0	95	9	0.6
1.0	5.0	2	9	0.5
1.0	5.0	4	9	0.3
1.0	5.0	8	9	0.0
1.0	5.0	16	9	0.0
1.0	5.0	32	9	0.0
1.0	5.0	64	9	0.0
1.0	5.0	128	9	0.0
1.0	5.0	256	9	0.0
1.0	5.0	512	9	0.0
1.0	5.0	1024	9	0.0
1.0	5.0	2048	9	0.0
1.0	5.0	4096	9	0.0
0.5	5.0	2	9	0.3
0.5	5.0	4	9	0.2
0.5	5.0	8	9	0.0
0.5	5.0	16	9	0.0
0.5	5.0	32	9	0.0
0.5	5.0	64	9	0.0
0.5	5.0	128	9	0.0
0.5	5.0	256	9	0.0
0.5	5.0	512	9	0.0
0.5	5.0	1024	9	0.4
0.5	5.0	2048	9	1.0
0.5	5.0	1536	9	0.9
0.5	5.0	1280	9	0.2
0.5	5.0	1408	9	0.9
0.5	5.0	1344	9	0.8
0.5	5.0	1376	9	0.4
0.5	5.0	1392	9	0.9
0.5	5.0	1384	9	0.7
0.5	5.0	1388	9	0.6
0.5	5.0	1390	9	0.9
0.5	5.0	1389	9	0.9
0.2	5.0	2	9	0.7
0.2	5.0	4	9	0.1
0.2	5.0	8	9	0.0
0.2	5.0	16	9	0.0
0.2	5.0	32	9	0.0
0.2	5.0	64	9	0.0
0.2	5.0	128	9	0.0
0.2	5.0	256	9	0.0
0.2	5.0	512	9	0.2
0.2	5.0	1024	9	0.9
0.2	5.0	768	9	0.6
0.2	5.0	896	9	0.7
0.2	5.0	960	9	1.0
0.2	5.0	928	9	0.8
0.2	5.0	944	9	0.8
0.2	5.0	952	9	0.9
0.2	5.0	948	9	0.9
0.2	5.0	946	9	0.9
0.2	5.0	945	9	0.8
0.1111111111111111	5.0	2	9	0.5
0.1111111111111111	5.0	4	9	0.1
0.1111111111111111	5.0	8	9	0.0
0.1111111111111111	5.0	16	9	0.0
0.1111111111111111	5.0	32	9	0.0
0.1111111111111111	5.0	64	9	0.0
0.1111111111111111	5.0	128	9	0.0
0.1111111111111111	5.0	256	9	0.0
0.1111111111111111	5.0	512	9	0.5
0.1111111111111111	5.0	1024	9	0.9
0.1111111111111111	5.0	768	9	1.0
0.1111111111111111	5.0	640	9	0.9
0.1111111111111111	5.0	576	9	0.8
0.1111111111111111	5.0	608	9	0.9
0.1111111111111111	5.0	592	9	0.7
0.1111111111111111	5.0	600	9	0.6
0.1111111111111111	5.0	604	9	0.6
0.1111111111111111	5.0	606	9	0.7
0.1111111111111111	5.0	607	9	0.8
0.07692307692307693	5.0	2	9	0.3
0.07692307692307693	5.0	4	9	0.0
0.07692307692307693	5.0	8	9	0.0
0.07692307692307693	5.0	16	9	0.0
0.07692307692307693	5.0	32	9	0.0
0.07692307692307693	5.0	64	9	0.0
0.07692307692307693	5.0	128	9	0.0
0.07692307692307693	5.0	256	9	0.0
0.07692307692307693	5.0	512	9	0.7
0.07692307692307693	5.0	1024	9	1.0
0.07692307692307693	5.0	768	9	0.9
0.07692307692307693	5.0	640	9	0.8
0.07692307692307693	5.0	704	9	0.9
0.07692307692307693	5.0	672	9	1.0
0.07692307692307693	5.0	656	9	0.5
0.07692307692307693	5.0	664	9	0.9
0.07692307692307693	5.0	660	9	0.8
0.07692307692307693	5.0	662	9	1.0
0.07692307692307693	5.0	661	9	1.0
0.05882352941176471	5.0	2	9	0.5
0.05882352941176471	5.0	4	9	0.3
0.05882352941176471	5.0	8	9	0.0
0.05882352941176471	5.0	16	9	0.0
0.05882352941176471	5.0	32	9	0.0
0.05882352941176471	5.0	64	9	0.0
0.05882352941176471	5.0	128	9	0.0
0.05882352941176471	5.0	256	9	0.1
0.05882352941176471	5.0	512	9	0.8
0.05882352941176471	5.0	1024	9	1.0
0.05882352941176471	5.0	768	9	1.0
0.05882352941176471	5.0	640	9	0.8
0.05882352941176471	5.0	704	9	1.0
0.05882352941176471	5.0	672	9	0.9
0.05882352941176471	5.0	656	9	0.8
0.05882352941176471	5.0	664	9	1.0
0.05882352941176471	5.0	660	9	0.9
0.05882352941176471	5.0	658	9	0.9
0.05882352941176471	5.0	657	9	0.8
0.047619047619047616	5.0	2	9	0.5
0.047619047619047616	5.0	4	9	0.1
0.047619047619047616	5.0	8	9	0.0
0.047619047619047616	5.0	16	9	0.0
0.047619047619047616	5.0	32	9	0.0
0.047619047619047616	5.0	64	9	0.0
0.047619047619047616	5.0	128	9	0.0
0.047619047619047616	5.0	256	9	0.4
0.047619047619047616	5.0	512	9	0.5
0.047619047619047616	5.0	1024	9	1.0
0.047619047619047616	5.0	768	9	1.0
0.047619047619047616	5.0	640	9	0.8
0.047619047619047616	5.0	704	9	0.9
0.047619047619047616	5.0	672	9	0.9
0.047619047619047616	5.0	656	9	0.9
0.047619047619047616	5.0	648	9	0.8
0.047619047619047616	5.0	652	9	0.8
0.047619047619047616	5.0	654	9	1.0
0.047619047619047616	5.0	653	9	1.0
0.04	5.0	2	9	0.3
0.04	5.0	4	9	0.4
0.04	5.0	8	9	0.0
0.04	5.0	16	9	0.0
0.04	5.0	32	9	0.0
0.04	5.0	64	9	0.0
0.04	5.0	128	9	0.0
0.04	5.0	256	9	0.2
0.04	5.0	512	9	0.8
0.04	5.0	1024	9	1.0
0.04	5.0	768	9	1.0
0.04	5.0	640	9	0.9
0.04	5.0	576	9	0.7
0.04	5.0	608	9	0.9
0.04	5.0	592	9	1.0
0.04	5.0	584	9	0.7
0.04	5.0	588	9	0.9
0.04	5.0	586	9	0.8
0.04	5.0	587	9	0.9
0.03448275862068965	5.0	2	9	0.5
0.03448275862068965	5.0	4	9	0.1
0.03448275862068965	5.0	8	9	0.0
0.03448275862068965	5.0	16	9	0.0
0.03448275862068965	5.0	32	9	0.0
0.03448275862068965	5.0	64	9	0.0
0.03448275862068965	5.0	128	9	0.0
0.03448275862068965	5.0	256	9	0.2
0.03448275862068965	5.0	512	9	1.0
0.03448275862068965	5.0	384	9	0.7
0.03448275862068965	5.0	448	9	1.0
0.03448275862068965	5.0	416	9	0.8
0.03448275862068965	5.0	432	9	0.7
0.03448275862068965	5.0	440	9	0.8
0.03448275862068965	5.0	444	9	0.6
0.03448275862068965	5.0	446	9	0.5
0.03448275862068965	5.0	447	9	0.8
0.030303030303030307	5.0	2	9	0.4
0.030303030303030307	5.0	4	9	0.1
0.030303030303030307	5.0	8	9	0.0
0.030303030303030307	5.0	16	9	0.0
0.030303030303030307	5.0	32	9	0.0
0.030303030303030307	5.0	64	9	0.0
0.030303030303030307	5.0	128	9	0.0
0.030303030303030307	5.0	256	9	0.3
0.030303030303030307	5.0	512	9	0.8
0.030303030303030307	5.0	1024	9	1.0
0.030303030303030307	5.0	768	9	1.0
0.030303030303030307	5.0	640	9	0.8
0.030303030303030307	5.0	704	9	0.9
0.030303030303030307	5.0	672	9	1.0
0.030303030303030307	5.0	656	9	1.0
0.030303030303030307	5.0	648	9	1.0
0.030303030303030307	5.0	644	9	1.0
0.030303030303030307	5.0	642	9	1.0
0.030303030303030307	5.0	641	9	1.0
0.006666666666666667	5.0	2	9	0.3
0.006666666666666667	5.0	4	9	0.3
0.006666666666666667	5.0	8	9	0.0
0.006666666666666667	5.0	16	9	0.0
0.006666666666666667	5.0	32	9	0.0
0.006666666666666667	5.0	64	9	0.0
0.006666666666666667	5.0	128	9	0.0
0.006666666666666667	5.0	256	9	0.3
0.006666666666666667	5.0	512	9	0.9
0.006666666666666667	5.0	384	9	0.9
0.006666666666666667	5.0	320	9	0.9
0.006666666666666667	5.0	288	9	0.7
0.006666666666666667	5.0	304	9	0.7
0.006666666666666667	5.0	312	9	0.8
0.006666666666666667	5.0	316	9	0.9
0.006666666666666667	5.0	314	9	0.8
0.006666666666666667	5.0	315	9	0.4
0.0033333333333333327	5.0	2	9	0.4
0.0033333333333333327	5.0	4	9	0.1
0.0033333333333333327	5.0	8	9	0.1
0.0033333333333333327	5.0	16	9	0.0
0.0033333333333333327	5.0	32	9	0.0
0.0033333333333333327	5.0	64	9	0.0
0.0033333333333333327	5.0	128	9	0.0
0.0033333333333333327	5.0	256	9	0.6
0.0033333333333333327	5.0	512	9	0.9
0.0033333333333333327	5.0	384	9	1.0
0.0033333333333333327	5.0	320	9	0.8
0.0033333333333333327	5.0	352	9	0.9
0.0033333333333333327	5.0	336	9	0.6
0.0033333333333333327	5.0	344	9	0.9
0.0033333333333333327	5.0	340	9	0.6
0.0033333333333333327	5.0	342	9	0.7
0.0033333333333333327	5.0	343	9	0.8
