1.0	0.08333333333333333	2	9	0.0
1.0	0.08333333333333333	4	9	0.0
1.0	0.08333333333333333	8	9	0.0
1.0	0.08333333333333333	16	9	0.0
1.0	0.08333333333333333	32	9	0.0
1.0	0.08333333333333333	64	9	0.0
1.0	0.08333333333333333	128	9	0.0
1.0	0.08333333333333333	256	9	0.0
1.0	0.08333333333333333	512	9	0.0
1.0	0.08333333333333333	1024	9	0.2
1.0	0.08333333333333333	2048	9	0.9
1.0	0.08333333333333333	1536	9	0.8
1.0	0.08333333333333333	1792	9	1.0
1.0	0.08333333333333333	1664	9	0.6
1.0	0.08333333333333333	1728	9	0.7
1.0	0.08333333333333333	1760	9	0.5
1.0	0.08333333333333333	1776	9	0.8
1.0	0.08333333333333333	1784	9	0.7
1.0	0.08333333333333333	1788	9	0.8
1.0	0.08333333333333333	1790	9	0.7
1.0	0.08333333333333333	1791	9	0.5
0.5	0.08333333333333333	2	9	0.0
0.5	0.08333333333333333	4	9	0.0
0.5	0.08333333333333333	8	9	0.0
0.5	0.08333333333333333	16	9	0.0
0.5	0.08333333333333333	32	9	0.0
0.5	0.08333333333333333	64	9	0.0
0.5	0.08333333333333333	128	9	0.0
0.5	0.08333333333333333	256	9	0.0
0.5	0.08333333333333333	512	9	0.0
0.5	0.08333333333333333	1024	9	0.3
0.5	0.08333333333333333	2048	9	1.0
0.5	0.08333333333333333	1536	9	0.7
0.5	0.08333333333333333	1792	9	0.8
0.5	0.08333333333333333	1920	9	0.9
0.5	0.08333333333333333	1856	9	0.9
0.5	0.08333333333333333	1824	9	0.6
0.5	0.08333333333333333	1840	9	0.9
0.5	0.08333333333333333	1832	9	1.0
0.5	0.08333333333333333	1828	9	1.0
0.5	0.08333333333333333	1826	9	0.9
0.5	0.08333333333333333	1825	9	0.9
0.2	0.08333333333333333	2	9	0.0
0.2	0.08333333333333333	4	9	0.0
0.2	0.08333333333333333	8	9	0.0
0.2	0.08333333333333333	16	9	0.0
0.2	0.08333333333333333	32	9	0.0
0.2	0.08333333333333333	64	9	0.0
0.2	0.08333333333333333	128	9	0.0
0.2	0.08333333333333333	256	9	0.0
0.2	0.08333333333333333	512	9	0.0
0.2	0.08333333333333333	1024	9	0.5
0.2	0.08333333333333333	2048	9	1.0
0.2	0.08333333333333333	1536	9	1.0
0.2	0.08333333333333333	1280	9	0.9
0.2	0.08333333333333333	1152	9	0.5
0.2	0.08333333333333333	1216	9	0.6
0.2	0.08333333333333333	1248	9	0.9
0.2	0.08333333333333333	1232	9	0.9
0.2	0.08333333333333333	1224	9	0.7
0.2	0.08333333333333333	1228	9	0.8
0.2	0.08333333333333333	1230	9	0.9
0.2	0.08333333333333333	1229	9	0.9
0.1111111111111111	0.08333333333333333	2	9	0.0
0.1111111111111111	0.08333333333333333	4	9	0.0
0.1111111111111111	0.08333333333333333	8	9	0.0
0.1111111111111111	0.08333333333333333	16	9	0.0
0.1111111111111111	0.08333333333333333	32	9	0.0
0.1111111111111111	0.08333333333333333	64	9	0.0
0.1111111111111111	0.08333333333333333	128	9	0.0
0.1111111111111111	0.08333333333333333	256	9	0.0
0.1111111111111111	0.08333333333333333	512	9	0.0
0.1111111111111111	0.08333333333333333	1024	9	0.8
0.1111111111111111	0.08333333333333333	2048	9	1.0
0.1111111111111111	0.08333333333333333	1536	9	0.9
0.1111111111111111	0.08333333333333333	1280	9	0.9
0.1111111111111111	0.08333333333333333	1152	9	0.6
0.1111111111111111	0.08333333333333333	1216	9	1.0
0.1111111111111111	0.08333333333333333	1184	9	0.6
0.1111111111111111	0.08333333333333333	1200	9	0.7
0.1111111111111111	0.08333333333333333	1208	9	0.6
0.1111111111111111	0.08333333333333333	1212	9	0.8
0.1111111111111111	0.08333333333333333	1214	9	0.9
0.1111111111111111	0.08333333333333333	1213	9	0.8
0.07692307692307693	0.08333333333333333	2	9	0.0
0.07692307692307693	0.08333333333333333	4	9	0.0
0.07692307692307693	0.08333333333333333	8	9	0.0
0.07692307692307693	0.08333333333333333	16	9	0.0
0.07692307692307693	0.08333333333333333	32	9	0.0
0.07692307692307693	0.08333333333333333	64	9	0.0
0.07692307692307693	0.08333333333333333	128	9	0.0
0.07692307692307693	0.08333333333333333	256	9	0.0
0.07692307692307693	0.08333333333333333	512	9	0.0
0.07692307692307693	0.08333333333333333	1024	9	0.7
0.07692307692307693	0.08333333333333333	2048	9	1.0
0.07692307692307693	0.08333333333333333	1536	9	1.0
0.07692307692307693	0.08333333333333333	1280	9	1.0
0.07692307692307693	0.08333333333333333	1152	9	0.7
0.07692307692307693	0.08333333333333333	1216	9	0.6
0.07692307692307693	0.08333333333333333	1248	9	0.7
0.07692307692307693	0.08333333333333333	1264	9	0.9
0.07692307692307693	0.08333333333333333	1256	9	0.8
0.07692307692307693	0.08333333333333333	1260	9	0.4
0.07692307692307693	0.08333333333333333	1262	9	0.8
0.07692307692307693	0.08333333333333333	1263	9	0.8
0.05882352941176471	0.08333333333333333	2	9	0.0
0.05882352941176471	0.08333333333333333	4	9	0.0
0.05882352941176471	0.08333333333333333	8	9	0.0
0.05882352941176471	0.08333333333333333	16	9	0.0
0.05882352941176471	0.08333333333333333	32	9	0.0
0.05882352941176471	0.08333333333333333	64	9	0.0
0.05882352941176471	0.08333333333333333	128	9	0.0
0.05882352941176471	0.08333333333333333	256	9	0.0
0.05882352941176471	0.08333333333333333	512	9	0.0
0.05882352941176471	0.08333333333333333	1024	9	0.5
0.05882352941176471	0.08333333333333333	2048	9	1.0
0.05882352941176471	0.08333333333333333	1536	9	0.9
0.05882352941176471	0.08333333333333333	1280	9	0.7
0.05882352941176471	0.08333333333333333	1408	9	0.8
0.05882352941176471	0.08333333333333333	1472	9	0.9
0.05882352941176471	0.08333333333333333	1440	9	0.8
0.05882352941176471	0.08333333333333333	1456	9	1.0
0.05882352941176471	0.08333333333333333	1448	9	0.9
0.05882352941176471	0.08333333333333333	1444	9	1.0
0.05882352941176471	0.08333333333333333	1442	9	0.8
0.05882352941176471	0.08333333333333333	1443	9	0.9
0.047619047619047616	0.08333333333333333	2	9	0.0
0.047619047619047616	0.08333333333333333	4	9	0.0
0.047619047619047616	0.08333333333333333	8	9	0.0
0.047619047619047616	0.08333333333333333	16	9	0.0
0.047619047619047616	0.08333333333333333	32	9	0.0
0.047619047619047616	0.08333333333333333	64	9	0.0
0.047619047619047616	0.08333333333333333	128	9	0.0
0.047619047619047616	0.08333333333333333	256	9	0.0
0.047619047619047616	0.08333333333333333	512	9	0.0
0.047619047619047616	0.08333333333333333	1024	9	0.6
0.047619047619047616	0.08333333333333333	2048	9	1.0
0.047619047619047616	0.08333333333333333	1536	9	1.0
0.047619047619047616	0.08333333333333333	1280	9	0.9
0.047619047619047616	0.08333333333333333	1152	9	0.6
0.047619047619047616	0.08333333333333333	1216	9	0.7
0.047619047619047616	0.08333333333333333	1248	9	0.8
0.047619047619047616	0.08333333333333333	1264	9	0.8
0.047619047619047616	0.08333333333333333	1272	9	0.6
0.047619047619047616	0.08333333333333333	1276	9	0.6
0.047619047619047616	0.08333333333333333	1278	9	1.0
0.047619047619047616	0.08333333333333333	1277	9	0.8
0.04	0.08333333333333333	2	9	0.0
0.04	0.08333333333333333	4	9	0.0
0.04	0.08333333333333333	8	9	0.0
0.04	0.08333333333333333	16	9	0.0
0.04	0.08333333333333333	32	9	0.0
0.04	0.08333333333333333	64	9	0.0
0.04	0.08333333333333333	128	9	0.0
0.04	0.08333333333333333	256	9	0.0
0.04	0.08333333333333333	512	9	0.0
0.04	0.08333333333333333	1024	9	0.4
0.04	0.08333333333333333	2048	9	0.9
0.04	0.08333333333333333	1536	9	0.9
0.04	0.08333333333333333	1280	9	1.0
0.04	0.08333333333333333	1152	9	0.9
0.04	0.08333333333333333	1088	9	0.5
0.04	0.08333333333333333	1120	9	0.7
0.04	0.08333333333333333	1136	9	0.3
0.04	0.08333333333333333	1144	9	0.6
0.04	0.08333333333333333	1148	9	0.7
0.04	0.08333333333333333	1150	9	0.7
0.04	0.08333333333333333	1151	9	0.4
0.03448275862068965	0.08333333333333333	2	9	0.0
0.03448275862068965	0.08333333333333333	4	9	0.0
0.03448275862068965	0.08333333333333333	8	9	0.0
0.03448275862068965	0.08333333333333333	16	9	0.0
0.03448275862068965	0.08333333333333333	32	9	0.0
0.03448275862068965	0.08333333333333333	64	9	0.0
0.03448275862068965	0.08333333333333333	128	9	0.0
0.03448275862068965	0.08333333333333333	256	9	0.0
0.03448275862068965	0.08333333333333333	512	9	0.0
0.03448275862068965	0.08333333333333333	1024	9	0.7
0.03448275862068965	0.08333333333333333	2048	9	1.0
0.03448275862068965	0.08333333333333333	1536	9	1.0
0.03448275862068965	0.08333333333333333	1280	9	0.8
0.03448275862068965	0.08333333333333333	1408	9	0.9
0.03448275862068965	0.08333333333333333	1344	9	0.8
0.03448275862068965	0.08333333333333333	1376	9	0.7
0.03448275862068965	0.08333333333333333	1392	9	0.9
0.03448275862068965	0.08333333333333333	1384	9	0.9
0.03448275862068965	0.08333333333333333	1380	9	1.0
0.03448275862068965	0.08333333333333333	1378	9	0.9
0.03448275862068965	0.08333333333333333	1377	9	1.0
0.030303030303030307	0.08333333333333333	2	9	0.0
0.030303030303030307	0.08333333333333333	4	9	0.0
0.030303030303030307	0.08333333333333333	8	9	0.0
0.030303030303030307	0.08333333333333333	16	9	0.0
0.030303030303030307	0.08333333333333333	32	9	0.0
0.030303030303030307	0.08333333333333333	64	9	0.0
0.030303030303030307	0.08333333333333333	128	9	0.0
0.030303030303030307	0.08333333333333333	256	9	0.0
0.030303030303030307	0.08333333333333333	512	9	0.0
0.030303030303030307	0.08333333333333333	1024	9	0.6
0.030303030303030307	0.08333333333333333	2048	9	1.0
0.030303030303030307	0.08333333333333333	1536	9	1.0
0.030303030303030307	0.08333333333333333	1280	9	1.0
0.030303030303030307	0.08333333333333333	1152	9	0.6
0.030303030303030307	0.08333333333333333	1216	9	0.9
0.030303030303030307	0.08333333333333333	1184	9	0.9
0.030303030303030307	0.08333333333333333	1168	9	0.5
0.030303030303030307	0.08333333333333333	1176	9	0.8
0.030303030303030307	0.08333333333333333	1180	9	0.7
0.030303030303030307	0.08333333333333333	1182	9	0.8
0.030303030303030307	0.08333333333333333	1183	9	1.0
0.006666666666666667	0.08333333333333333	2	9	0.0
0.006666666666666667	0.08333333333333333	4	9	0.0
0.006666666666666667	0.08333333333333333	8	9	0.0
0.006666666666666667	0.08333333333333333	16	9	0.0
0.006666666666666667	0.08333333333333333	32	9	0.0
0.006666666666666667	0.08333333333333333	64	9	0.0
0.006666666666666667	0.08333333333333333	128	9	0.0
0.006666666666666667	0.08333333333333333	256	9	0.0
0.006666666666666667	0.08333333333333333	512	9	0.0
0.006666666666666667	0.08333333333333333	1024	9	0.3
0.006666666666666667	0.08333333333333333	2048	9	1.0
0.006666666666666667	0.08333333333333333	1536	9	0.9
0.006666666666666667	0.08333333333333333	1280	9	0.6
0.006666666666666667	0.08333333333333333	1408	9	0.8
0.006666666666666667	0.08333333333333333	1472	9	0.9
0.006666666666666667	0.08333333333333333	1440	9	1.0
0.006666666666666667	0.08333333333333333	1424	9	1.0
0.006666666666666667	0.08333333333333333	1416	9	0.9
0.006666666666666667	0.08333333333333333	1412	9	0.9
0.006666666666666667	0.08333333333333333	1410	9	0.9
0.006666666666666667	0.08333333333333333	1409	9	1.0
0.0033333333333333327	0.08333333333333333	2	9	0.0
0.0033333333333333327	0.08333333333333333	4	9	0.0
0.0033333333333333327	0.08333333333333333	8	9	0.0
0.0033333333333333327	0.08333333333333333	16	9	0.0
0.0033333333333333327	0.08333333333333333	32	9	0.0
0.0033333333333333327	0.08333333333333333	64	9	0.0
0.0033333333333333327	0.08333333333333333	128	9	0.0
0.0033333333333333327	0.08333333333333333	256	9	0.0
0.0033333333333333327	0.08333333333333333	512	9	0.0
0.0033333333333333327	0.08333333333333333	1024	9	0.6
0.0033333333333333327	0.08333333333333333	2048	9	1.0
0.0033333333333333327	0.08333333333333333	1536	9	1.0
0.0033333333333333327	0.08333333333333333	1280	9	0.8
0.0033333333333333327	0.08333333333333333	1408	9	0.9
0.0033333333333333327	0.08333333333333333	1344	9	0.9
0.0033333333333333327	0.08333333333333333	1312	9	0.8
0.0033333333333333327	0.08333333333333333	1328	9	0.9
0.0033333333333333327	0.08333333333333333	1320	9	0.9
0.0033333333333333327	0.08333333333333333	1316	9	1.0
0.0033333333333333327	0.08333333333333333	1314	9	1.0
0.0033333333333333327	0.08333333333333333	1313	9	0.9
1.0	0.1	2	9	0.0
1.0	0.1	4	9	0.0
1.0	0.1	8	9	0.0
1.0	0.1	16	9	0.0
1.0	0.1	32	9	0.0
1.0	0.1	64	9	0.0
1.0	0.1	128	9	0.0
1.0	0.1	256	9	0.0
1.0	0.1	512	9	0.0
1.0	0.1	1024	9	0.0
1.0	0.1	2048	9	0.9
1.0	0.1	1536	9	0.3
1.0	0.1	1792	9	0.8
1.0	0.1	1920	9	0.8
1.0	0.1	1984	9	0.7
1.0	0.1	2016	9	1.0
1.0	0.1	2000	9	0.9
1.0	0.1	1992	9	0.9
1.0	0.1	1988	9	0.9
1.0	0.1	1986	9	0.8
1.0	0.1	1987	9	0.8
0.5	0.1	2	9	0.0
0.5	0.1	4	9	0.0
0.5	0.1	8	9	0.0
0.5	0.1	16	9	0.0
0.5	0.1	32	9	0.0
0.5	0.1	64	9	0.0
0.5	0.1	128	9	0.0
0.5	0.1	256	9	0.0
0.5	0.1	512	9	0.0
0.5	0.1	1024	9	0.2
0.5	0.1	2048	9	1.0
0.5	0.1	1536	9	1.0
0.5	0.1	1280	9	0.7
0.5	0.1	1408	9	0.7
0.5	0.1	1472	9	0.7
0.5	0.1	1504	9	0.9
0.5	0.1	1488	9	0.7
0.5	0.1	1496	9	1.0
0.5	0.1	1492	9	0.8
0.5	0.1	1494	9	0.7
0.5	0.1	1495	9	0.7
0.2	0.1	2	9	0.0
0.2	0.1	4	9	0.0
0.2	0.1	8	9	0.0
0.2	0.1	16	9	0.0
0.2	0.1	32	9	0.0
0.2	0.1	64	9	0.0
0.2	0.1	128	9	0.0
0.2	0.1	256	9	0.0
0.2	0.1	512	9	0.0
0.2	0.1	1024	9	0.7
0.2	0.1	2048	9	1.0
0.2	0.1	1536	9	1.0
0.2	0.1	1280	9	1.0
0.2	0.1	1152	9	0.8
0.2	0.1	1216	9	1.0
0.2	0.1	1184	9	0.7
0.2	0.1	1200	9	0.9
0.2	0.1	1192	9	0.7
0.2	0.1	1196	9	0.7
0.2	0.1	1198	9	0.8
0.2	0.1	1199	9	0.8
0.1111111111111111	0.1	2	9	0.0
0.1111111111111111	0.1	4	9	0.0
0.1111111111111111	0.1	8	9	0.0
0.1111111111111111	0.1	16	9	0.0
0.1111111111111111	0.1	32	9	0.0
0.1111111111111111	0.1	64	9	0.0
0.1111111111111111	0.1	128	9	0.0
0.1111111111111111	0.1	256	9	0.0
0.1111111111111111	0.1	512	9	0.0
0.1111111111111111	0.1	1024	9	0.6
0.1111111111111111	0.1	2048	9	1.0
0.1111111111111111	0.1	1536	9	1.0
0.1111111111111111	0.1	1280	9	1.0
0.1111111111111111	0.1	1152	9	0.7
0.1111111111111111	0.1	1216	9	1.0
0.1111111111111111	0.1	1184	9	0.5
0.1111111111111111	0.1	1200	9	0.6
0.1111111111111111	0.1	1208	9	0.9
0.1111111111111111	0.1	1204	9	0.8
0.1111111111111111	0.1	1206	9	0.8
0.1111111111111111	0.1	1207	9	0.9
0.07692307692307693	0.1	2	9	0.0
0.07692307692307693	0.1	4	9	0.0
0.07692307692307693	0.1	8	9	0.0
0.07692307692307693	0.1	16	9	0.0
0.07692307692307693	0.1	32	9	0.0
0.07692307692307693	0.1	64	9	0.0
0.07692307692307693	0.1	128	9	0.0
0.07692307692307693	0.1	256	9	0.0
0.07692307692307693	0.1	512	9	0.0
0.07692307692307693	0.1	1024	9	0.7
0.07692307692307693	0.1	2048	9	1.0
0.07692307692307693	0.1	1536	9	0.9
0.07692307692307693	0.1	1280	9	0.9
0.07692307692307693	0.1	1152	9	0.8
0.07692307692307693	0.1	1216	9	0.9
0.07692307692307693	0.1	1184	9	0.9
0.07692307692307693	0.1	1168	9	0.9
0.07692307692307693	0.1	1160	9	0.8
0.07692307692307693	0.1	1164	9	0.8
0.07692307692307693	0.1	1166	9	0.8
0.07692307692307693	0.1	1167	9	1.0
0.05882352941176471	0.1	2	9	0.0
0.05882352941176471	0.1	4	9	0.0
0.05882352941176471	0.1	8	9	0.0
0.05882352941176471	0.1	16	9	0.0
0.05882352941176471	0.1	32	9	0.0
0.05882352941176471	0.1	64	9	0.0
0.05882352941176471	0.1	128	9	0.0
0.05882352941176471	0.1	256	9	0.0
0.05882352941176471	0.1	512	9	0.1
0.05882352941176471	0.1	1024	9	0.7
0.05882352941176471	0.1	2048	9	1.0
0.05882352941176471	0.1	1536	9	1.0
0.05882352941176471	0.1	1280	9	0.9
0.05882352941176471	0.1	1152	9	0.7
0.05882352941176471	0.1	1216	9	1.0
0.05882352941176471	0.1	1184	9	0.9
0.05882352941176471	0.1	1168	9	0.7
0.05882352941176471	0.1	1176	9	0.9
0.05882352941176471	0.1	1172	9	1.0
0.05882352941176471	0.1	1170	9	0.9
0.05882352941176471	0.1	1169	9	1.0
0.047619047619047616	0.1	2	9	0.0
0.047619047619047616	0.1	4	9	0.0
0.047619047619047616	0.1	8	9	0.0
0.047619047619047616	0.1	16	9	0.0
0.047619047619047616	0.1	32	9	0.0
0.047619047619047616	0.1	64	9	0.0
0.047619047619047616	0.1	128	9	0.0
0.047619047619047616	0.1	256	9	0.0
0.047619047619047616	0.1	512	9	0.0
0.047619047619047616	0.1	1024	9	1.0
0.047619047619047616	0.1	768	9	0.3
0.047619047619047616	0.1	896	9	0.4
0.047619047619047616	0.1	960	9	0.8
0.047619047619047616	0.1	992	9	0.7
0.047619047619047616	0.1	1008	9	0.7
0.047619047619047616	0.1	1016	9	0.9
0.047619047619047616	0.1	1012	9	0.8
0.047619047619047616	0.1	1014	9	0.5
0.047619047619047616	0.1	1015	9	0.8
0.04	0.1	2	9	0.0
0.04	0.1	4	9	0.0
0.04	0.1	8	9	0.0
0.04	0.1	16	9	0.0
0.04	0.1	32	9	0.0
0.04	0.1	64	9	0.0
0.04	0.1	128	9	0.0
0.04	0.1	256	9	0.0
0.04	0.1	512	9	0.0
0.04	0.1	1024	9	0.6
0.04	0.1	2048	9	1.0
0.04	0.1	1536	9	1.0
0.04	0.1	1280	9	1.0
0.04	0.1	1152	9	1.0
0.04	0.1	1088	9	0.9
0.04	0.1	1056	9	0.7
0.04	0.1	1072	9	0.5
0.04	0.1	1080	9	1.0
0.04	0.1	1076	9	0.9
0.04	0.1	1074	9	0.6
0.04	0.1	1075	9	0.8
0.03448275862068965	0.1	2	9	0.0
0.03448275862068965	0.1	4	9	0.0
0.03448275862068965	0.1	8	9	0.0
0.03448275862068965	0.1	16	9	0.0
0.03448275862068965	0.1	32	9	0.0
0.03448275862068965	0.1	64	9	0.0
0.03448275862068965	0.1	128	9	0.0
0.03448275862068965	0.1	256	9	0.0
0.03448275862068965	0.1	512	9	0.0
0.03448275862068965	0.1	1024	9	0.7
0.03448275862068965	0.1	2048	9	1.0
0.03448275862068965	0.1	1536	9	1.0
0.03448275862068965	0.1	1280	9	1.0
0.03448275862068965	0.1	1152	9	1.0
0.03448275862068965	0.1	1088	9	0.8
0.03448275862068965	0.1	1120	9	0.8
0.03448275862068965	0.1	1136	9	0.9
0.03448275862068965	0.1	1128	9	0.9
0.03448275862068965	0.1	1124	9	0.5
0.03448275862068965	0.1	1126	9	0.8
0.03448275862068965	0.1	1127	9	0.7
0.030303030303030307	0.1	2	9	0.0
0.030303030303030307	0.1	4	9	0.0
0.030303030303030307	0.1	8	9	0.0
0.030303030303030307	0.1	16	9	0.0
0.030303030303030307	0.1	32	9	0.0
0.030303030303030307	0.1	64	9	0.0
0.030303030303030307	0.1	128	9	0.0
0.030303030303030307	0.1	256	9	0.0
0.030303030303030307	0.1	512	9	0.0
0.030303030303030307	0.1	1024	9	0.6
0.030303030303030307	0.1	2048	9	1.0
0.030303030303030307	0.1	1536	9	0.9
0.030303030303030307	0.1	1280	9	1.0
0.030303030303030307	0.1	1152	9	1.0
0.030303030303030307	0.1	1088	9	0.8
0.030303030303030307	0.1	1120	9	1.0
0.030303030303030307	0.1	1104	9	1.0
0.030303030303030307	0.1	1096	9	1.0
0.030303030303030307	0.1	1092	9	0.9
0.030303030303030307	0.1	1090	9	0.9
0.030303030303030307	0.1	1089	9	0.9
0.006666666666666667	0.1	2	9	0.0
0.006666666666666667	0.1	4	9	0.0
0.006666666666666667	0.1	8	9	0.0
0.006666666666666667	0.1	16	9	0.0
0.006666666666666667	0.1	32	9	0.0
0.006666666666666667	0.1	64	9	0.0
0.006666666666666667	0.1	128	9	0.0
0.006666666666666667	0.1	256	9	0.0
0.006666666666666667	0.1	512	9	0.0
0.006666666666666667	0.1	1024	9	0.6
0.006666666666666667	0.1	2048	9	1.0
0.006666666666666667	0.1	1536	9	1.0
0.006666666666666667	0.1	1280	9	1.0
0.006666666666666667	0.1	1152	9	0.9
0.006666666666666667	0.1	1088	9	0.9
0.006666666666666667	0.1	1056	9	0.9
0.006666666666666667	0.1	1040	9	0.9
0.006666666666666667	0.1	1032	9	0.8
0.006666666666666667	0.1	1036	9	0.7
0.006666666666666667	0.1	1038	9	0.8
0.006666666666666667	0.1	1039	9	0.8
0.0033333333333333327	0.1	2	9	0.0
0.0033333333333333327	0.1	4	9	0.0
0.0033333333333333327	0.1	8	9	0.0
0.0033333333333333327	0.1	16	9	0.0
0.0033333333333333327	0.1	32	9	0.0
0.0033333333333333327	0.1	64	9	0.0
0.0033333333333333327	0.1	128	9	0.0
0.0033333333333333327	0.1	256	9	0.0
0.0033333333333333327	0.1	512	9	0.0
0.0033333333333333327	0.1	1024	9	0.7
0.0033333333333333327	0.1	2048	9	1.0
0.0033333333333333327	0.1	1536	9	1.0
0.0033333333333333327	0.1	1280	9	1.0
0.0033333333333333327	0.1	1152	9	1.0
0.0033333333333333327	0.1	1088	9	0.8
0.0033333333333333327	0.1	1120	9	0.9
0.0033333333333333327	0.1	1104	9	0.7
0.0033333333333333327	0.1	1112	9	1.0
0.0033333333333333327	0.1	1108	9	0.8
0.0033333333333333327	0.1	1110	9	0.8
0.0033333333333333327	0.1	1111	9	1.0
1.0	0.125	2	9	0.0
1.0	0.125	4	9	0.0
1.0	0.125	8	9	0.0
1.0	0.125	16	9	0.0
1.0	0.125	32	9	0.0
1.0	0.125	64	9	0.0
1.0	0.125	128	9	0.0
1.0	0.125	256	9	0.0
1.0	0.125	512	9	0.0
1.0	0.125	1024	9	0.6
1.0	0.125	2048	9	1.0
1.0	0.125	1536	9	0.7
1.0	0.125	1792	9	1.0
1.0	0.125	1664	9	0.7
1.0	0.125	1728	9	0.9
1.0	0.125	1696	9	0.7
1.0	0.125	1712	9	0.9
1.0	0.125	1704	9	0.9
1.0	0.125	1700	9	0.8
1.0	0.125	1702	9	0.6
1.0	0.125	1703	9	0.8
0.5	0.125	2	9	0.0
0.5	0.125	4	9	0.0
0.5	0.125	8	9	0.0
0.5	0.125	16	9	0.0
0.5	0.125	32	9	0.0
0.5	0.125	64	9	0.0
0.5	0.125	128	9	0.0
0.5	0.125	256	9	0.0
0.5	0.125	512	9	0.0
0.5	0.125	1024	9	0.6
0.5	0.125	2048	9	1.0
0.5	0.125	1536	9	1.0
0.5	0.125	1280	9	1.0
0.5	0.125	1152	9	0.7
0.5	0.125	1216	9	0.6
0.5	0.125	1248	9	0.8
0.5	0.125	1264	9	0.7
0.5	0.125	1272	9	0.6
0.5	0.125	1276	9	0.9
0.5	0.125	1274	9	0.9
0.5	0.125	1273	9	0.9
0.2	0.125	2	9	0.0
0.2	0.125	4	9	0.0
0.2	0.125	8	9	0.0
0.2	0.125	16	9	0.0
0.2	0.125	32	9	0.0
0.2	0.125	64	9	0.0
0.2	0.125	128	9	0.0
0.2	0.125	256	9	0.0
0.2	0.125	512	9	0.1
0.2	0.125	1024	9	0.8
0.2	0.125	2048	9	1.0
0.2	0.125	1536	9	1.0
0.2	0.125	1280	9	1.0
0.2	0.125	1152	9	0.8
0.2	0.125	1216	9	1.0
0.2	0.125	1184	9	1.0
0.2	0.125	1168	9	0.8
0.2	0.125	1176	9	1.0
0.2	0.125	1172	9	0.8
0.2	0.125	1174	9	0.9
0.2	0.125	1173	9	0.9
0.1111111111111111	0.125	2	9	0.0
0.1111111111111111	0.125	4	9	0.0
0.1111111111111111	0.125	8	9	0.0
0.1111111111111111	0.125	16	9	0.0
0.1111111111111111	0.125	32	9	0.0
0.1111111111111111	0.125	64	9	0.0
0.1111111111111111	0.125	128	9	0.0
0.1111111111111111	0.125	256	9	0.0
0.1111111111111111	0.125	512	9	0.1
0.1111111111111111	0.125	1024	9	1.0
0.1111111111111111	0.125	768	9	0.5
0.1111111111111111	0.125	896	9	0.7
0.1111111111111111	0.125	960	9	0.7
0.1111111111111111	0.125	992	9	0.7
0.1111111111111111	0.125	1008	9	1.0
0.1111111111111111	0.125	1000	9	0.7
0.1111111111111111	0.125	1004	9	0.9
0.1111111111111111	0.125	1002	9	1.0
0.1111111111111111	0.125	1001	9	1.0
0.07692307692307693	0.125	2	9	0.0
0.07692307692307693	0.125	4	9	0.0
0.07692307692307693	0.125	8	9	0.0
0.07692307692307693	0.125	16	9	0.0
0.07692307692307693	0.125	32	9	0.0
0.07692307692307693	0.125	64	9	0.0
0.07692307692307693	0.125	128	9	0.0
0.07692307692307693	0.125	256	9	0.0
0.07692307692307693	0.125	512	9	0.1
0.07692307692307693	0.125	1024	9	0.9
0.07692307692307693	0.125	768	9	0.7
0.07692307692307693	0.125	896	9	0.9
0.07692307692307693	0.125	832	9	0.5
0.07692307692307693	0.125	864	9	0.8
0.07692307692307693	0.125	880	9	0.8
0.07692307692307693	0.125	888	9	0.8
0.07692307692307693	0.125	892	9	0.9
0.07692307692307693	0.125	890	9	0.8
0.07692307692307693	0.125	891	9	1.0
0.05882352941176471	0.125	2	9	0.0
0.05882352941176471	0.125	4	9	0.0
0.05882352941176471	0.125	8	9	0.0
0.05882352941176471	0.125	16	9	0.0
0.05882352941176471	0.125	32	9	0.0
0.05882352941176471	0.125	64	9	0.0
0.05882352941176471	0.125	128	9	0.0
0.05882352941176471	0.125	256	9	0.0
0.05882352941176471	0.125	512	9	0.0
0.05882352941176471	0.125	1024	9	0.9
0.05882352941176471	0.125	768	9	0.8
0.05882352941176471	0.125	896	9	0.9
0.05882352941176471	0.125	832	9	0.9
0.05882352941176471	0.125	800	9	0.5
0.05882352941176471	0.125	816	9	0.5
0.05882352941176471	0.125	824	9	0.7
0.05882352941176471	0.125	828	9	0.7
0.05882352941176471	0.125	830	9	0.8
0.05882352941176471	0.125	831	9	0.7
0.047619047619047616	0.125	2	9	0.0
0.047619047619047616	0.125	4	9	0.0
0.047619047619047616	0.125	8	9	0.0
0.047619047619047616	0.125	16	9	0.0
0.047619047619047616	0.125	32	9	0.0
0.047619047619047616	0.125	64	9	0.0
0.047619047619047616	0.125	128	9	0.0
0.047619047619047616	0.125	256	9	0.0
0.047619047619047616	0.125	512	9	0.1
0.047619047619047616	0.125	1024	9	1.0
0.047619047619047616	0.125	768	9	0.7
0.047619047619047616	0.125	896	9	0.8
0.047619047619047616	0.125	960	9	0.6
0.047619047619047616	0.125	992	9	0.9
0.047619047619047616	0.125	976	9	0.9
0.047619047619047616	0.125	968	9	0.8
0.047619047619047616	0.125	972	9	0.6
0.047619047619047616	0.125	974	9	0.8
0.047619047619047616	0.125	975	9	0.9
0.04	0.125	2	9	0.0
0.04	0.125	4	9	0.0
0.04	0.125	8	9	0.0
0.04	0.125	16	9	0.0
0.04	0.125	32	9	0.0
0.04	0.125	64	9	0.0
0.04	0.125	128	9	0.0
0.04	0.125	256	9	0.0
0.04	0.125	512	9	0.0
0.04	0.125	1024	9	0.8
0.04	0.125	2048	9	1.0
0.04	0.125	1536	9	1.0
0.04	0.125	1280	9	1.0
0.04	0.125	1152	9	0.8
0.04	0.125	1216	9	0.9
0.04	0.125	1184	9	0.9
0.04	0.125	1168	9	1.0
0.04	0.125	1160	9	1.0
0.04	0.125	1156	9	1.0
0.04	0.125	1154	9	1.0
0.04	0.125	1153	9	0.9
0.03448275862068965	0.125	2	9	0.0
0.03448275862068965	0.125	4	9	0.0
0.03448275862068965	0.125	8	9	0.0
0.03448275862068965	0.125	16	9	0.0
0.03448275862068965	0.125	32	9	0.0
0.03448275862068965	0.125	64	9	0.0
0.03448275862068965	0.125	128	9	0.0
0.03448275862068965	0.125	256	9	0.0
0.03448275862068965	0.125	512	9	0.3
0.03448275862068965	0.125	1024	9	1.0
0.03448275862068965	0.125	768	9	0.9
0.03448275862068965	0.125	640	9	0.5
0.03448275862068965	0.125	704	9	0.7
0.03448275862068965	0.125	736	9	0.8
0.03448275862068965	0.125	752	9	0.8
0.03448275862068965	0.125	760	9	0.4
0.03448275862068965	0.125	764	9	0.5
0.03448275862068965	0.125	766	9	0.5
0.03448275862068965	0.125	767	9	0.9
0.030303030303030307	0.125	2	9	0.0
0.030303030303030307	0.125	4	9	0.0
0.030303030303030307	0.125	8	9	0.0
0.030303030303030307	0.125	16	9	0.0
0.030303030303030307	0.125	32	9	0.0
0.030303030303030307	0.125	64	9	0.0
0.030303030303030307	0.125	128	9	0.0
0.030303030303030307	0.125	256	9	0.0
0.030303030303030307	0.125	512	9	0.1
0.030303030303030307	0.125	1024	9	0.8
0.030303030303030307	0.125	2048	9	1.0
0.030303030303030307	0.125	1536	9	1.0
0.030303030303030307	0.125	1280	9	1.0
0.030303030303030307	0.125	1152	9	1.0
0.030303030303030307	0.125	1088	9	1.0
0.030303030303030307	0.125	1056	9	0.9
0.030303030303030307	0.125	1040	9	0.9
0.030303030303030307	0.125	1032	9	0.8
0.030303030303030307	0.125	1036	9	0.9
0.030303030303030307	0.125	1034	9	0.9
0.030303030303030307	0.125	1033	9	1.0
0.006666666666666667	0.125	2	9	0.0
0.006666666666666667	0.125	4	9	0.0
0.006666666666666667	0.125	8	9	0.0
0.006666666666666667	0.125	16	9	0.0
0.006666666666666667	0.125	32	9	0.0
0.006666666666666667	0.125	64	9	0.0
0.006666666666666667	0.125	128	9	0.0
0.006666666666666667	0.125	256	9	0.0
0.006666666666666667	0.125	512	9	0.2
0.006666666666666667	0.125	1024	9	0.9
0.006666666666666667	0.125	768	9	0.7
0.006666666666666667	0.125	896	9	0.7
0.006666666666666667	0.125	960	9	1.0
0.006666666666666667	0.125	928	9	0.7
0.006666666666666667	0.125	944	9	0.8
0.006666666666666667	0.125	952	9	1.0
0.006666666666666667	0.125	948	9	1.0
0.006666666666666667	0.125	946	9	0.9
0.006666666666666667	0.125	945	9	0.8
0.0033333333333333327	0.125	2	9	0.0
0.0033333333333333327	0.125	4	9	0.0
0.0033333333333333327	0.125	8	9	0.0
0.0033333333333333327	0.125	16	9	0.0
0.0033333333333333327	0.125	32	9	0.0
0.0033333333333333327	0.125	64	9	0.0
0.0033333333333333327	0.125	128	9	0.0
0.0033333333333333327	0.125	256	9	0.0
0.0033333333333333327	0.125	512	9	0.0
0.0033333333333333327	0.125	1024	9	0.9
0.0033333333333333327	0.125	768	9	0.8
0.0033333333333333327	0.125	896	9	0.9
0.0033333333333333327	0.125	832	9	0.9
0.0033333333333333327	0.125	800	9	0.6
0.0033333333333333327	0.125	816	9	0.6
0.0033333333333333327	0.125	824	9	0.6
0.0033333333333333327	0.125	828	9	0.9
0.0033333333333333327	0.125	826	9	0.7
0.0033333333333333327	0.125	827	9	0.6
1.0	0.16666666666666666	2	9	0.0
1.0	0.16666666666666666	4	9	0.0
1.0	0.16666666666666666	8	9	0.0
1.0	0.16666666666666666	16	9	0.0
1.0	0.16666666666666666	32	9	0.0
1.0	0.16666666666666666	64	9	0.0
1.0	0.16666666666666666	128	9	0.0
1.0	0.16666666666666666	256	9	0.0
1.0	0.16666666666666666	512	9	0.0
1.0	0.16666666666666666	1024	9	0.5
1.0	0.16666666666666666	2048	9	1.0
1.0	0.16666666666666666	1536	9	0.7
1.0	0.16666666666666666	1792	9	0.9
1.0	0.16666666666666666	1664	9	0.8
1.0	0.16666666666666666	1728	9	1.0
1.0	0.16666666666666666	1696	9	0.7
1.0	0.16666666666666666	1712	9	0.9
1.0	0.16666666666666666	1704	9	1.0
1.0	0.16666666666666666	1700	9	0.7
1.0	0.16666666666666666	1702	9	0.8
1.0	0.16666666666666666	1703	9	0.7
0.5	0.16666666666666666	2	9	0.0
0.5	0.16666666666666666	4	9	0.0
0.5	0.16666666666666666	8	9	0.0
0.5	0.16666666666666666	16	9	0.0
0.5	0.16666666666666666	32	9	0.0
0.5	0.16666666666666666	64	9	0.0
0.5	0.16666666666666666	128	9	0.0
0.5	0.16666666666666666	256	9	0.0
0.5	0.16666666666666666	512	9	0.2
0.5	0.16666666666666666	1024	9	0.7
0.5	0.16666666666666666	2048	9	1.0
0.5	0.16666666666666666	1536	9	1.0
0.5	0.16666666666666666	1280	9	0.9
0.5	0.16666666666666666	1152	9	1.0
0.5	0.16666666666666666	1088	9	0.7
0.5	0.16666666666666666	1120	9	0.7
0.5	0.16666666666666666	1136	9	0.9
0.5	0.16666666666666666	1128	9	0.9
0.5	0.16666666666666666	1124	9	0.8
0.5	0.16666666666666666	1126	9	0.8
0.5	0.16666666666666666	1127	9	0.8
0.2	0.16666666666666666	2	9	0.0
0.2	0.16666666666666666	4	9	0.0
0.2	0.16666666666666666	8	9	0.0
0.2	0.16666666666666666	16	9	0.0
0.2	0.16666666666666666	32	9	0.0
0.2	0.16666666666666666	64	9	0.0
0.2	0.16666666666666666	128	9	0.0
0.2	0.16666666666666666	256	9	0.0
0.2	0.16666666666666666	512	9	0.3
0.2	0.16666666666666666	1024	9	0.9
0.2	0.16666666666666666	768	9	0.9
0.2	0.16666666666666666	640	9	0.4
0.2	0.16666666666666666	704	9	0.8
0.2	0.16666666666666666	736	9	0.5
0.2	0.16666666666666666	752	9	0.6
0.2	0.16666666666666666	760	9	0.7
0.2	0.16666666666666666	764	9	1.0
0.2	0.16666666666666666	762	9	0.9
0.2	0.16666666666666666	761	9	0.7
0.1111111111111111	0.16666666666666666	2	9	0.0
0.1111111111111111	0.16666666666666666	4	9	0.0
0.1111111111111111	0.16666666666666666	8	9	0.0
0.1111111111111111	0.16666666666666666	16	9	0.0
0.1111111111111111	0.16666666666666666	32	9	0.0
0.1111111111111111	0.16666666666666666	64	9	0.0
0.1111111111111111	0.16666666666666666	128	9	0.0
0.1111111111111111	0.16666666666666666	256	9	0.0
0.1111111111111111	0.16666666666666666	512	9	0.4
0.1111111111111111	0.16666666666666666	1024	9	1.0
0.1111111111111111	0.16666666666666666	768	9	0.7
0.1111111111111111	0.16666666666666666	896	9	0.9
0.1111111111111111	0.16666666666666666	832	9	0.8
0.1111111111111111	0.16666666666666666	864	9	0.9
0.1111111111111111	0.16666666666666666	848	9	0.9
0.1111111111111111	0.16666666666666666	840	9	0.9
0.1111111111111111	0.16666666666666666	836	9	0.9
0.1111111111111111	0.16666666666666666	834	9	0.9
0.1111111111111111	0.16666666666666666	833	9	1.0
0.07692307692307693	0.16666666666666666	2	9	0.0
0.07692307692307693	0.16666666666666666	4	9	0.0
0.07692307692307693	0.16666666666666666	8	9	0.0
0.07692307692307693	0.16666666666666666	16	9	0.0
0.07692307692307693	0.16666666666666666	32	9	0.0
0.07692307692307693	0.16666666666666666	64	9	0.0
0.07692307692307693	0.16666666666666666	128	9	0.0
0.07692307692307693	0.16666666666666666	256	9	0.0
0.07692307692307693	0.16666666666666666	512	9	0.4
0.07692307692307693	0.16666666666666666	1024	9	1.0
0.07692307692307693	0.16666666666666666	768	9	0.8
0.07692307692307693	0.16666666666666666	896	9	0.7
0.07692307692307693	0.16666666666666666	960	9	0.9
0.07692307692307693	0.16666666666666666	928	9	1.0
0.07692307692307693	0.16666666666666666	912	9	1.0
0.07692307692307693	0.16666666666666666	904	9	1.0
0.07692307692307693	0.16666666666666666	900	9	1.0
0.07692307692307693	0.16666666666666666	898	9	0.8
0.07692307692307693	0.16666666666666666	899	9	1.0
0.05882352941176471	0.16666666666666666	2	9	0.0
0.05882352941176471	0.16666666666666666	4	9	0.0
0.05882352941176471	0.16666666666666666	8	9	0.0
0.05882352941176471	0.16666666666666666	16	9	0.0
0.05882352941176471	0.16666666666666666	32	9	0.0
0.05882352941176471	0.16666666666666666	64	9	0.0
0.05882352941176471	0.16666666666666666	128	9	0.0
0.05882352941176471	0.16666666666666666	256	9	0.0
0.05882352941176471	0.16666666666666666	512	9	0.3
0.05882352941176471	0.16666666666666666	1024	9	1.0
0.05882352941176471	0.16666666666666666	768	9	0.9
0.05882352941176471	0.16666666666666666	640	9	0.6
0.05882352941176471	0.16666666666666666	704	9	0.9
0.05882352941176471	0.16666666666666666	672	9	1.0
0.05882352941176471	0.16666666666666666	656	9	0.7
0.05882352941176471	0.16666666666666666	664	9	0.9
0.05882352941176471	0.16666666666666666	660	9	1.0
0.05882352941176471	0.16666666666666666	658	9	0.5
0.05882352941176471	0.16666666666666666	659	9	0.7
0.047619047619047616	0.16666666666666666	2	9	0.0
0.047619047619047616	0.16666666666666666	4	9	0.0
0.047619047619047616	0.16666666666666666	8	9	0.0
0.047619047619047616	0.16666666666666666	16	9	0.0
0.047619047619047616	0.16666666666666666	32	9	0.0
0.047619047619047616	0.16666666666666666	64	9	0.0
0.047619047619047616	0.16666666666666666	128	9	0.0
0.047619047619047616	0.16666666666666666	256	9	0.0
0.047619047619047616	0.16666666666666666	512	9	0.3
0.047619047619047616	0.16666666666666666	1024	9	0.9
0.047619047619047616	0.16666666666666666	768	9	0.8
0.047619047619047616	0.16666666666666666	896	9	1.0
0.047619047619047616	0.16666666666666666	832	9	1.0
0.047619047619047616	0.16666666666666666	800	9	0.9
0.047619047619047616	0.16666666666666666	784	9	0.9
0.047619047619047616	0.16666666666666666	776	9	0.9
0.047619047619047616	0.16666666666666666	772	9	0.8
0.047619047619047616	0.16666666666666666	774	9	0.9
0.047619047619047616	0.16666666666666666	773	9	1.0
0.04	0.16666666666666666	2	9	0.0
0.04	0.16666666666666666	4	9	0.0
0.04	0.16666666666666666	8	9	0.0
0.04	0.16666666666666666	16	9	0.0
0.04	0.16666666666666666	32	9	0.0
0.04	0.16666666666666666	64	9	0.0
0.04	0.16666666666666666	128	9	0.0
0.04	0.16666666666666666	256	9	0.0
0.04	0.16666666666666666	512	9	0.6
0.04	0.16666666666666666	1024	9	0.9
0.04	0.16666666666666666	768	9	0.9
0.04	0.16666666666666666	640	9	0.8
0.04	0.16666666666666666	704	9	0.8
0.04	0.16666666666666666	736	9	0.9
0.04	0.16666666666666666	720	9	0.6
0.04	0.16666666666666666	728	9	0.9
0.04	0.16666666666666666	724	9	0.7
0.04	0.16666666666666666	726	9	1.0
0.04	0.16666666666666666	725	9	0.9
0.03448275862068965	0.16666666666666666	2	9	0.0
0.03448275862068965	0.16666666666666666	4	9	0.0
0.03448275862068965	0.16666666666666666	8	9	0.0
0.03448275862068965	0.16666666666666666	16	9	0.0
0.03448275862068965	0.16666666666666666	32	9	0.0
0.03448275862068965	0.16666666666666666	64	9	0.0
0.03448275862068965	0.16666666666666666	128	9	0.0
0.03448275862068965	0.16666666666666666	256	9	0.0
0.03448275862068965	0.16666666666666666	512	9	0.7
0.03448275862068965	0.16666666666666666	1024	9	1.0
0.03448275862068965	0.16666666666666666	768	9	0.9
0.03448275862068965	0.16666666666666666	640	9	0.8
0.03448275862068965	0.16666666666666666	704	9	0.7
0.03448275862068965	0.16666666666666666	736	9	0.9
0.03448275862068965	0.16666666666666666	720	9	0.6
0.03448275862068965	0.16666666666666666	728	9	0.8
0.03448275862068965	0.16666666666666666	732	9	0.9
0.03448275862068965	0.16666666666666666	730	9	0.8
0.03448275862068965	0.16666666666666666	731	9	0.8
0.030303030303030307	0.16666666666666666	2	9	0.0
0.030303030303030307	0.16666666666666666	4	9	0.0
0.030303030303030307	0.16666666666666666	8	9	0.0
0.030303030303030307	0.16666666666666666	16	9	0.0
0.030303030303030307	0.16666666666666666	32	9	0.0
0.030303030303030307	0.16666666666666666	64	9	0.0
0.030303030303030307	0.16666666666666666	128	9	0.0
0.030303030303030307	0.16666666666666666	256	9	0.0
0.030303030303030307	0.16666666666666666	512	9	0.4
0.030303030303030307	0.16666666666666666	1024	9	0.9
0.030303030303030307	0.16666666666666666	768	9	1.0
0.030303030303030307	0.16666666666666666	640	9	0.8
0.030303030303030307	0.16666666666666666	704	9	0.9
0.030303030303030307	0.16666666666666666	672	9	0.9
0.030303030303030307	0.16666666666666666	656	9	0.9
0.030303030303030307	0.16666666666666666	648	9	0.8
0.030303030303030307	0.16666666666666666	652	9	0.9
0.030303030303030307	0.16666666666666666	650	9	0.7
0.030303030303030307	0.16666666666666666	651	9	0.5
0.006666666666666667	0.16666666666666666	2	9	0.0
0.006666666666666667	0.16666666666666666	4	9	0.0
0.006666666666666667	0.16666666666666666	8	9	0.0
0.006666666666666667	0.16666666666666666	16	9	0.0
0.006666666666666667	0.16666666666666666	32	9	0.0
0.006666666666666667	0.16666666666666666	64	9	0.0
0.006666666666666667	0.16666666666666666	128	9	0.0
0.006666666666666667	0.16666666666666666	256	9	0.0
0.006666666666666667	0.16666666666666666	512	9	0.4
0.006666666666666667	0.16666666666666666	1024	9	1.0
0.006666666666666667	0.16666666666666666	768	9	0.8
0.006666666666666667	0.16666666666666666	896	9	1.0
0.006666666666666667	0.16666666666666666	832	9	1.0
0.006666666666666667	0.16666666666666666	800	9	0.9
0.006666666666666667	0.16666666666666666	784	9	0.7
0.006666666666666667	0.16666666666666666	792	9	1.0
0.006666666666666667	0.16666666666666666	788	9	0.9
0.006666666666666667	0.16666666666666666	786	9	1.0
0.006666666666666667	0.16666666666666666	785	9	0.9
0.0033333333333333327	0.16666666666666666	2	9	0.0
0.0033333333333333327	0.16666666666666666	4	9	0.0
0.0033333333333333327	0.16666666666666666	8	9	0.0
0.0033333333333333327	0.16666666666666666	16	9	0.0
0.0033333333333333327	0.16666666666666666	32	9	0.0
0.0033333333333333327	0.16666666666666666	64	9	0.0
0.0033333333333333327	0.16666666666666666	128	9	0.0
0.0033333333333333327	0.16666666666666666	256	9	0.0
0.0033333333333333327	0.16666666666666666	512	9	0.4
0.0033333333333333327	0.16666666666666666	1024	9	1.0
0.0033333333333333327	0.16666666666666666	768	9	1.0
0.0033333333333333327	0.16666666666666666	640	9	0.6
0.0033333333333333327	0.16666666666666666	704	9	1.0
0.0033333333333333327	0.16666666666666666	672	9	0.8
0.0033333333333333327	0.16666666666666666	688	9	0.6
0.0033333333333333327	0.16666666666666666	696	9	1.0
0.0033333333333333327	0.16666666666666666	692	9	0.8
0.0033333333333333327	0.16666666666666666	694	9	0.9
0.0033333333333333327	0.16666666666666666	693	9	0.9
1.0	0.25	2	9	0.0
1.0	0.25	4	9	0.0
1.0	0.25	8	9	0.0
1.0	0.25	16	9	0.0
1.0	0.25	32	9	0.0
1.0	0.25	64	9	0.0
1.0	0.25	128	9	0.0
1.0	0.25	256	9	0.0
1.0	0.25	512	9	0.0
1.0	0.25	1024	9	0.4
1.0	0.25	2048	9	1.0
1.0	0.25	1536	9	0.8
1.0	0.25	1792	9	0.9
1.0	0.25	1664	9	0.9
1.0	0.25	1600	9	0.8
1.0	0.25	1632	9	0.8
1.0	0.25	1648	9	0.5
1.0	0.25	1656	9	0.9
1.0	0.25	1652	9	0.9
1.0	0.25	1650	9	1.0
1.0	0.25	1649	9	1.0
0.5	0.25	2	9	0.0
0.5	0.25	4	9	0.0
0.5	0.25	8	9	0.0
0.5	0.25	16	9	0.0
0.5	0.25	32	9	0.0
0.5	0.25	64	9	0.0
0.5	0.25	128	9	0.0
0.5	0.25	256	9	0.0
0.5	0.25	512	9	0.0
0.5	0.25	1024	9	1.0
0.5	0.25	768	9	0.8
0.5	0.25	896	9	0.8
0.5	0.25	960	9	0.5
0.5	0.25	992	9	1.0
0.5	0.25	976	9	1.0
0.5	0.25	968	9	0.7
0.5	0.25	972	9	0.9
0.5	0.25	970	9	1.0
0.5	0.25	969	9	0.8
0.2	0.25	2	9	0.0
0.2	0.25	4	9	0.0
0.2	0.25	8	9	0.0
0.2	0.25	16	9	0.0
0.2	0.25	32	9	0.0
0.2	0.25	64	9	0.0
0.2	0.25	128	9	0.0
0.2	0.25	256	9	0.0
0.2	0.25	512	9	0.7
0.2	0.25	1024	9	1.0
0.2	0.25	768	9	0.9
0.2	0.25	640	9	0.7
0.2	0.25	704	9	0.8
0.2	0.25	736	9	0.9
0.2	0.25	720	9	1.0
0.2	0.25	712	9	0.9
0.2	0.25	708	9	0.7
0.2	0.25	710	9	1.0
0.2	0.25	709	9	1.0
0.1111111111111111	0.25	2	9	0.0
0.1111111111111111	0.25	4	9	0.0
0.1111111111111111	0.25	8	9	0.0
0.1111111111111111	0.25	16	9	0.0
0.1111111111111111	0.25	32	9	0.0
0.1111111111111111	0.25	64	9	0.0
0.1111111111111111	0.25	128	9	0.0
0.1111111111111111	0.25	256	9	0.0
0.1111111111111111	0.25	512	9	0.9
0.1111111111111111	0.25	384	9	0.3
0.1111111111111111	0.25	448	9	0.9
0.1111111111111111	0.25	416	9	0.4
0.1111111111111111	0.25	432	9	0.6
0.1111111111111111	0.25	440	9	0.6
0.1111111111111111	0.25	444	9	0.3
0.1111111111111111	0.25	446	9	0.7
0.1111111111111111	0.25	447	9	0.5
0.07692307692307693	0.25	2	9	0.0
0.07692307692307693	0.25	4	9	0.0
0.07692307692307693	0.25	8	9	0.0
0.07692307692307693	0.25	16	9	0.0
0.07692307692307693	0.25	32	9	0.0
0.07692307692307693	0.25	64	9	0.0
0.07692307692307693	0.25	128	9	0.0
0.07692307692307693	0.25	256	9	0.0
0.07692307692307693	0.25	512	9	0.8
0.07692307692307693	0.25	1024	9	1.0
0.07692307692307693	0.25	768	9	1.0
0.07692307692307693	0.25	640	9	0.9
0.07692307692307693	0.25	576	9	0.8
0.07692307692307693	0.25	608	9	1.0
0.07692307692307693	0.25	592	9	0.9
0.07692307692307693	0.25	584	9	0.9
0.07692307692307693	0.25	580	9	0.8
0.07692307692307693	0.25	582	9	0.9
0.07692307692307693	0.25	581	9	1.0
0.05882352941176471	0.25	2	9	0.0
0.05882352941176471	0.25	4	9	0.0
0.05882352941176471	0.25	8	9	0.0
0.05882352941176471	0.25	16	9	0.0
0.05882352941176471	0.25	32	9	0.0
0.05882352941176471	0.25	64	9	0.0
0.05882352941176471	0.25	128	9	0.0
0.05882352941176471	0.25	256	9	0.0
0.05882352941176471	0.25	512	9	0.8
0.05882352941176471	0.25	1024	9	1.0
0.05882352941176471	0.25	768	9	1.0
0.05882352941176471	0.25	640	9	1.0
0.05882352941176471	0.25	576	9	0.9
0.05882352941176471	0.25	544	9	0.9
0.05882352941176471	0.25	528	9	0.9
0.05882352941176471	0.25	520	9	0.9
0.05882352941176471	0.25	516	9	0.8
0.05882352941176471	0.25	518	9	0.5
0.05882352941176471	0.25	519	9	0.8
0.047619047619047616	0.25	2	9	0.0
0.047619047619047616	0.25	4	9	0.0
0.047619047619047616	0.25	8	9	0.0
0.047619047619047616	0.25	16	9	0.0
0.047619047619047616	0.25	32	9	0.0
0.047619047619047616	0.25	64	9	0.0
0.047619047619047616	0.25	128	9	0.0
0.047619047619047616	0.25	256	9	0.0
0.047619047619047616	0.25	512	9	0.7
0.047619047619047616	0.25	1024	9	1.0
0.047619047619047616	0.25	768	9	0.9
0.047619047619047616	0.25	640	9	1.0
0.047619047619047616	0.25	576	9	0.8
0.047619047619047616	0.25	608	9	0.9
0.047619047619047616	0.25	592	9	0.9
0.047619047619047616	0.25	584	9	0.9
0.047619047619047616	0.25	580	9	0.9
0.047619047619047616	0.25	578	9	0.8
0.047619047619047616	0.25	579	9	1.0
0.04	0.25	2	9	0.0
0.04	0.25	4	9	0.0
0.04	0.25	8	9	0.0
0.04	0.25	16	9	0.0
0.04	0.25	32	9	0.0
0.04	0.25	64	9	0.0
0.04	0.25	128	9	0.0
0.04	0.25	256	9	0.1
0.04	0.25	512	9	0.8
0.04	0.25	1024	9	1.0
0.04	0.25	768	9	1.0
0.04	0.25	640	9	1.0
0.04	0.25	576	9	0.9
0.04	0.25	544	9	1.0
0.04	0.25	528	9	0.7
0.04	0.25	536	9	1.0
0.04	0.25	532	9	0.6
0.04	0.25	534	9	0.9
0.04	0.25	533	9	0.7
0.03448275862068965	0.25	2	9	0.0
0.03448275862068965	0.25	4	9	0.0
0.03448275862068965	0.25	8	9	0.0
0.03448275862068965	0.25	16	9	0.0
0.03448275862068965	0.25	32	9	0.0
0.03448275862068965	0.25	64	9	0.0
0.03448275862068965	0.25	128	9	0.0
0.03448275862068965	0.25	256	9	0.1
0.03448275862068965	0.25	512	9	1.0
0.03448275862068965	0.25	384	9	0.5
0.03448275862068965	0.25	448	9	0.6
0.03448275862068965	0.25	480	9	0.6
0.03448275862068965	0.25	496	9	0.9
0.03448275862068965	0.25	488	9	0.8
0.03448275862068965	0.25	492	9	0.7
0.03448275862068965	0.25	494	9	0.8
0.03448275862068965	0.25	495	9	0.9
0.030303030303030307	0.25	2	9	0.0
0.030303030303030307	0.25	4	9	0.0
0.030303030303030307	0.25	8	9	0.0
0.030303030303030307	0.25	16	9	0.0
0.030303030303030307	0.25	32	9	0.0
0.030303030303030307	0.25	64	9	0.0
0.030303030303030307	0.25	128	9	0.0
0.030303030303030307	0.25	256	9	0.0
0.030303030303030307	0.25	512	9	0.7
0.030303030303030307	0.25	1024	9	1.0
0.030303030303030307	0.25	768	9	1.0
0.030303030303030307	0.25	640	9	0.9
0.030303030303030307	0.25	576	9	1.0
0.030303030303030307	0.25	544	9	0.5
0.030303030303030307	0.25	560	9	0.9
0.030303030303030307	0.25	552	9	0.8
0.030303030303030307	0.25	556	9	1.0
0.030303030303030307	0.25	554	9	0.9
0.030303030303030307	0.25	553	9	0.6
0.006666666666666667	0.25	2	9	0.0
0.006666666666666667	0.25	4	9	0.0
0.006666666666666667	0.25	8	9	0.0
0.006666666666666667	0.25	16	9	0.0
0.006666666666666667	0.25	32	9	0.0
0.006666666666666667	0.25	64	9	0.0
0.006666666666666667	0.25	128	9	0.0
0.006666666666666667	0.25	256	9	0.0
0.006666666666666667	0.25	512	9	0.9
0.006666666666666667	0.25	384	9	0.7
0.006666666666666667	0.25	448	9	1.0
0.006666666666666667	0.25	416	9	0.8
0.006666666666666667	0.25	432	9	1.0
0.006666666666666667	0.25	424	9	0.9
0.006666666666666667	0.25	420	9	0.6
0.006666666666666667	0.25	422	9	0.6
0.006666666666666667	0.25	423	9	0.7
0.0033333333333333327	0.25	2	9	0.0
0.0033333333333333327	0.25	4	9	0.0
0.0033333333333333327	0.25	8	9	0.0
0.0033333333333333327	0.25	16	9	0.0
0.0033333333333333327	0.25	32	9	0.0
0.0033333333333333327	0.25	64	9	0.0
0.0033333333333333327	0.25	128	9	0.0
0.0033333333333333327	0.25	256	9	0.0
0.0033333333333333327	0.25	512	9	0.8
0.0033333333333333327	0.25	1024	9	1.0
0.0033333333333333327	0.25	768	9	0.9
0.0033333333333333327	0.25	640	9	1.0
0.0033333333333333327	0.25	576	9	0.9
0.0033333333333333327	0.25	544	9	0.9
0.0033333333333333327	0.25	528	9	0.9
0.0033333333333333327	0.25	520	9	0.9
0.0033333333333333327	0.25	516	9	1.0
0.0033333333333333327	0.25	514	9	0.8
0.0033333333333333327	0.25	515	9	0.6
1.0	0.5	2	9	0.0
1.0	0.5	4	9	0.0
1.0	0.5	8	9	0.0
1.0	0.5	16	9	0.0
1.0	0.5	32	9	0.0
1.0	0.5	64	9	0.0
1.0	0.5	128	9	0.0
1.0	0.5	256	9	0.0
1.0	0.5	512	9	0.0
1.0	0.5	1024	9	0.3
1.0	0.5	2048	9	0.8
1.0	0.5	4096	9	1.0
1.0	0.5	3072	9	0.9
1.0	0.5	2560	9	0.9
1.0	0.5	2304	9	0.8
1.0	0.5	2432	9	1.0
1.0	0.5	2368	9	0.7
1.0	0.5	2400	9	0.8
1.0	0.5	2416	9	0.8
1.0	0.5	2424	9	1.0
1.0	0.5	2420	9	1.0
1.0	0.5	2418	9	1.0
1.0	0.5	2417	9	1.0
0.5	0.5	2	9	0.0
0.5	0.5	4	9	0.0
0.5	0.5	8	9	0.0
0.5	0.5	16	9	0.0
0.5	0.5	32	9	0.0
0.5	0.5	64	9	0.0
0.5	0.5	128	9	0.0
0.5	0.5	256	9	0.0
0.5	0.5	512	9	0.3
0.5	0.5	1024	9	0.9
0.5	0.5	768	9	0.9
0.5	0.5	640	9	0.6
0.5	0.5	704	9	0.8
0.5	0.5	736	9	0.6
0.5	0.5	752	9	0.7
0.5	0.5	760	9	0.8
0.5	0.5	764	9	1.0
0.5	0.5	762	9	0.8
0.5	0.5	763	9	0.4
0.2	0.5	2	9	0.0
0.2	0.5	4	9	0.0
0.2	0.5	8	9	0.0
0.2	0.5	16	9	0.0
0.2	0.5	32	9	0.0
0.2	0.5	64	9	0.0
0.2	0.5	128	9	0.0
0.2	0.5	256	9	0.2
0.2	0.5	512	9	1.0
0.2	0.5	384	9	0.6
0.2	0.5	448	9	0.7
0.2	0.5	480	9	0.8
0.2	0.5	496	9	0.8
0.2	0.5	504	9	1.0
0.2	0.5	500	9	1.0
0.2	0.5	498	9	0.8
0.2	0.5	499	9	0.8
0.1111111111111111	0.5	2	9	0.0
0.1111111111111111	0.5	4	9	0.0
0.1111111111111111	0.5	8	9	0.0
0.1111111111111111	0.5	16	9	0.0
0.1111111111111111	0.5	32	9	0.0
0.1111111111111111	0.5	64	9	0.0
0.1111111111111111	0.5	128	9	0.0
0.1111111111111111	0.5	256	9	0.4
0.1111111111111111	0.5	512	9	1.0
0.1111111111111111	0.5	384	9	0.8
0.1111111111111111	0.5	448	9	0.9
0.1111111111111111	0.5	416	9	0.8
0.1111111111111111	0.5	432	9	0.9
0.1111111111111111	0.5	424	9	1.0
0.1111111111111111	0.5	420	9	0.8
0.1111111111111111	0.5	422	9	1.0
0.1111111111111111	0.5	421	9	0.9
0.07692307692307693	0.5	2	9	0.0
0.07692307692307693	0.5	4	9	0.0
0.07692307692307693	0.5	8	9	0.0
0.07692307692307693	0.5	16	9	0.0
0.07692307692307693	0.5	32	9	0.0
0.07692307692307693	0.5	64	9	0.0
0.07692307692307693	0.5	128	9	0.0
0.07692307692307693	0.5	256	9	0.3
0.07692307692307693	0.5	512	9	1.0
0.07692307692307693	0.5	384	9	0.8
0.07692307692307693	0.5	448	9	1.0
0.07692307692307693	0.5	416	9	0.9
0.07692307692307693	0.5	400	9	1.0
0.07692307692307693	0.5	392	9	1.0
0.07692307692307693	0.5	388	9	1.0
0.07692307692307693	0.5	386	9	0.8
0.07692307692307693	0.5	387	9	1.0
0.05882352941176471	0.5	2	9	0.0
0.05882352941176471	0.5	4	9	0.0
0.05882352941176471	0.5	8	9	0.0
0.05882352941176471	0.5	16	9	0.0
0.05882352941176471	0.5	32	9	0.0
0.05882352941176471	0.5	64	9	0.0
0.05882352941176471	0.5	128	9	0.0
0.05882352941176471	0.5	256	9	0.2
0.05882352941176471	0.5	512	9	0.9
0.05882352941176471	0.5	384	9	0.9
0.05882352941176471	0.5	320	9	1.0
0.05882352941176471	0.5	288	9	0.5
0.05882352941176471	0.5	304	9	0.4
0.05882352941176471	0.5	312	9	0.9
0.05882352941176471	0.5	308	9	0.5
0.05882352941176471	0.5	310	9	0.8
0.05882352941176471	0.5	311	9	0.8
0.047619047619047616	0.5	2	9	0.0
0.047619047619047616	0.5	4	9	0.0
0.047619047619047616	0.5	8	9	0.0
0.047619047619047616	0.5	16	9	0.0
0.047619047619047616	0.5	32	9	0.0
0.047619047619047616	0.5	64	9	0.0
0.047619047619047616	0.5	128	9	0.0
0.047619047619047616	0.5	256	9	0.7
0.047619047619047616	0.5	512	9	1.0
0.047619047619047616	0.5	384	9	1.0
0.047619047619047616	0.5	320	9	0.8
0.047619047619047616	0.5	352	9	1.0
0.047619047619047616	0.5	336	9	1.0
0.047619047619047616	0.5	328	9	0.9
0.047619047619047616	0.5	324	9	0.8
0.047619047619047616	0.5	326	9	1.0
0.047619047619047616	0.5	325	9	0.9
0.04	0.5	2	9	0.0
0.04	0.5	4	9	0.0
0.04	0.5	8	9	0.0
0.04	0.5	16	9	0.0
0.04	0.5	32	9	0.0
0.04	0.5	64	9	0.0
0.04	0.5	128	9	0.1
0.04	0.5	256	9	0.5
0.04	0.5	512	9	1.0
0.04	0.5	384	9	1.0
0.04	0.5	320	9	0.9
0.04	0.5	288	9	0.7
0.04	0.5	304	9	0.6
0.04	0.5	312	9	0.7
0.04	0.5	316	9	0.7
0.04	0.5	318	9	1.0
0.04	0.5	317	9	0.8
0.03448275862068965	0.5	2	9	0.0
0.03448275862068965	0.5	4	9	0.0
0.03448275862068965	0.5	8	9	0.0
0.03448275862068965	0.5	16	9	0.0
0.03448275862068965	0.5	32	9	0.0
0.03448275862068965	0.5	64	9	0.0
0.03448275862068965	0.5	128	9	0.0
0.03448275862068965	0.5	256	9	0.8
0.03448275862068965	0.5	512	9	1.0
0.03448275862068965	0.5	384	9	1.0
0.03448275862068965	0.5	320	9	0.9
0.03448275862068965	0.5	288	9	0.8
0.03448275862068965	0.5	304	9	0.8
0.03448275862068965	0.5	312	9	0.8
0.03448275862068965	0.5	316	9	0.9
0.03448275862068965	0.5	314	9	0.7
0.03448275862068965	0.5	315	9	0.7
0.030303030303030307	0.5	2	9	0.0
0.030303030303030307	0.5	4	9	0.0
0.030303030303030307	0.5	8	9	0.0
0.030303030303030307	0.5	16	9	0.0
0.030303030303030307	0.5	32	9	0.0
0.030303030303030307	0.5	64	9	0.0
0.030303030303030307	0.5	128	9	0.0
0.030303030303030307	0.5	256	9	0.5
0.030303030303030307	0.5	512	9	1.0
0.030303030303030307	0.5	384	9	1.0
0.030303030303030307	0.5	320	9	0.7
0.030303030303030307	0.5	352	9	0.8
0.030303030303030307	0.5	368	9	1.0
0.030303030303030307	0.5	360	9	0.9
0.030303030303030307	0.5	356	9	1.0
0.030303030303030307	0.5	354	9	1.0
0.030303030303030307	0.5	353	9	0.9
0.006666666666666667	0.5	2	9	0.0
0.006666666666666667	0.5	4	9	0.0
0.006666666666666667	0.5	8	9	0.0
0.006666666666666667	0.5	16	9	0.0
0.006666666666666667	0.5	32	9	0.0
0.006666666666666667	0.5	64	9	0.0
0.006666666666666667	0.5	128	9	0.0
0.006666666666666667	0.5	256	9	1.0
0.006666666666666667	0.5	192	9	0.2
0.006666666666666667	0.5	224	9	0.8
0.006666666666666667	0.5	240	9	0.3
0.006666666666666667	0.5	248	9	0.5
0.006666666666666667	0.5	252	9	0.5
0.006666666666666667	0.5	254	9	0.5
0.006666666666666667	0.5	255	9	0.5
0.0033333333333333327	0.5	2	9	0.0
0.0033333333333333327	0.5	4	9	0.0
0.0033333333333333327	0.5	8	9	0.0
0.0033333333333333327	0.5	16	9	0.0
0.0033333333333333327	0.5	32	9	0.0
0.0033333333333333327	0.5	64	9	0.0
0.0033333333333333327	0.5	128	9	0.0
0.0033333333333333327	0.5	256	9	0.9
0.0033333333333333327	0.5	192	9	0.3
0.0033333333333333327	0.5	224	9	0.4
0.0033333333333333327	0.5	240	9	0.9
0.0033333333333333327	0.5	232	9	0.8
0.0033333333333333327	0.5	236	9	0.8
0.0033333333333333327	0.5	238	9	0.8
0.0033333333333333327	0.5	239	9	0.4
1.0	1.0	2	9	0.0
1.0	1.0	4	9	0.0
1.0	1.0	8	9	0.0
1.0	1.0	16	9	0.0
1.0	1.0	32	9	0.0
1.0	1.0	64	9	0.0
1.0	1.0	128	9	0.0
1.0	1.0	256	9	0.0
1.0	1.0	512	9	0.0
1.0	1.0	1024	9	0.0
1.0	1.0	2048	9	0.3
1.0	1.0	4096	9	0.9
1.0	1.0	3072	9	0.7
1.0	1.0	3584	9	0.9
1.0	1.0	3328	9	0.9
1.0	1.0	3200	9	0.8
1.0	1.0	3264	9	0.8
1.0	1.0	3296	9	0.6
1.0	1.0	3312	9	0.7
1.0	1.0	3320	9	0.9
1.0	1.0	3316	9	0.8
1.0	1.0	3318	9	0.9
1.0	1.0	3317	9	0.9
0.5	1.0	2	9	0.0
0.5	1.0	4	9	0.0
0.5	1.0	8	9	0.0
0.5	1.0	16	9	0.0
0.5	1.0	32	9	0.0
0.5	1.0	64	9	0.0
0.5	1.0	128	9	0.0
0.5	1.0	256	9	0.0
0.5	1.0	512	9	0.3
0.5	1.0	1024	9	1.0
0.5	1.0	768	9	0.9
0.5	1.0	640	9	0.8
0.5	1.0	704	9	0.7
0.5	1.0	736	9	0.5
0.5	1.0	752	9	0.6
0.5	1.0	760	9	1.0
0.5	1.0	756	9	0.6
0.5	1.0	758	9	0.8
0.5	1.0	759	9	0.7
0.2	1.0	2	9	0.0
0.2	1.0	4	9	0.0
0.2	1.0	8	9	0.0
0.2	1.0	16	9	0.0
0.2	1.0	32	9	0.0
0.2	1.0	64	9	0.0
0.2	1.0	128	9	0.0
0.2	1.0	256	9	0.6
0.2	1.0	512	9	1.0
0.2	1.0	384	9	0.8
0.2	1.0	448	9	0.9
0.2	1.0	416	9	0.8
0.2	1.0	432	9	1.0
0.2	1.0	424	9	0.8
0.2	1.0	428	9	1.0
0.2	1.0	426	9	0.9
0.2	1.0	425	9	1.0
0.1111111111111111	1.0	2	9	0.0
0.1111111111111111	1.0	4	9	0.0
0.1111111111111111	1.0	8	9	0.0
0.1111111111111111	1.0	16	9	0.0
0.1111111111111111	1.0	32	9	0.0
0.1111111111111111	1.0	64	9	0.0
0.1111111111111111	1.0	128	9	0.0
0.1111111111111111	1.0	256	9	0.7
0.1111111111111111	1.0	512	9	1.0
0.1111111111111111	1.0	384	9	0.8
0.1111111111111111	1.0	448	9	0.9
0.1111111111111111	1.0	416	9	1.0
0.1111111111111111	1.0	400	9	0.8
0.1111111111111111	1.0	408	9	1.0
0.1111111111111111	1.0	404	9	1.0
0.1111111111111111	1.0	402	9	1.0
0.1111111111111111	1.0	401	9	1.0
0.07692307692307693	1.0	2	9	0.0
0.07692307692307693	1.0	4	9	0.0
0.07692307692307693	1.0	8	9	0.0
0.07692307692307693	1.0	16	9	0.0
0.07692307692307693	1.0	32	9	0.0
0.07692307692307693	1.0	64	9	0.0
0.07692307692307693	1.0	128	9	0.0
0.07692307692307693	1.0	256	9	0.7
0.07692307692307693	1.0	512	9	1.0
0.07692307692307693	1.0	384	9	0.9
0.07692307692307693	1.0	320	9	0.8
0.07692307692307693	1.0	352	9	1.0
0.07692307692307693	1.0	336	9	0.7
0.07692307692307693	1.0	344	9	1.0
0.07692307692307693	1.0	340	9	0.9
0.07692307692307693	1.0	338	9	0.8
0.07692307692307693	1.0	339	9	1.0
0.05882352941176471	1.0	2	9	0.0
0.05882352941176471	1.0	4	9	0.0
0.05882352941176471	1.0	8	9	0.0
0.05882352941176471	1.0	16	9	0.0
0.05882352941176471	1.0	32	9	0.0
0.05882352941176471	1.0	64	9	0.0
0.05882352941176471	1.0	128	9	0.0
0.05882352941176471	1.0	256	9	0.9
0.05882352941176471	1.0	192	9	0.2
0.05882352941176471	1.0	224	9	0.8
0.05882352941176471	1.0	240	9	0.8
0.05882352941176471	1.0	248	9	0.7
0.05882352941176471	1.0	252	9	0.7
0.05882352941176471	1.0	254	9	0.6
0.05882352941176471	1.0	255	9	0.8
0.047619047619047616	1.0	2	9	0.0
0.047619047619047616	1.0	4	9	0.0
0.047619047619047616	1.0	8	9	0.0
0.047619047619047616	1.0	16	9	0.0
0.047619047619047616	1.0	32	9	0.0
0.047619047619047616	1.0	64	9	0.0
0.047619047619047616	1.0	128	9	0.0
0.047619047619047616	1.0	256	9	0.9
0.047619047619047616	1.0	192	9	0.4
0.047619047619047616	1.0	224	9	0.5
0.047619047619047616	1.0	240	9	0.6
0.047619047619047616	1.0	248	9	0.8
0.047619047619047616	1.0	252	9	0.8
0.047619047619047616	1.0	254	9	0.8
0.047619047619047616	1.0	255	9	0.8
0.04	1.0	2	9	0.0
0.04	1.0	4	9	0.0
0.04	1.0	8	9	0.0
0.04	1.0	16	9	0.0
0.04	1.0	32	9	0.0
0.04	1.0	64	9	0.0
0.04	1.0	128	9	0.0
0.04	1.0	256	9	0.9
0.04	1.0	192	9	0.6
0.04	1.0	224	9	0.6
0.04	1.0	240	9	0.9
0.04	1.0	232	9	0.4
0.04	1.0	236	9	0.6
0.04	1.0	238	9	0.7
0.04	1.0	239	9	0.7
0.03448275862068965	1.0	2	9	0.0
0.03448275862068965	1.0	4	9	0.0
0.03448275862068965	1.0	8	9	0.0
0.03448275862068965	1.0	16	9	0.0
0.03448275862068965	1.0	32	9	0.0
0.03448275862068965	1.0	64	9	0.0
0.03448275862068965	1.0	128	9	0.0
0.03448275862068965	1.0	256	9	0.7
0.03448275862068965	1.0	512	9	1.0
0.03448275862068965	1.0	384	9	1.0
0.03448275862068965	1.0	320	9	0.9
0.03448275862068965	1.0	288	9	1.0
0.03448275862068965	1.0	272	9	1.0
0.03448275862068965	1.0	264	9	0.7
0.03448275862068965	1.0	268	9	0.9
0.03448275862068965	1.0	266	9	1.0
0.03448275862068965	1.0	265	9	1.0
0.030303030303030307	1.0	2	9	0.0
0.030303030303030307	1.0	4	9	0.0
0.030303030303030307	1.0	8	9	0.0
0.030303030303030307	1.0	16	9	0.0
0.030303030303030307	1.0	32	9	0.0
0.030303030303030307	1.0	64	9	0.0
0.030303030303030307	1.0	128	9	0.0
0.030303030303030307	1.0	256	9	0.9
0.030303030303030307	1.0	192	9	0.5
0.030303030303030307	1.0	224	9	0.9
0.030303030303030307	1.0	208	9	0.8
0.030303030303030307	1.0	216	9	0.8
0.030303030303030307	1.0	220	9	0.8
0.030303030303030307	1.0	222	9	0.9
0.030303030303030307	1.0	221	9	0.6
0.006666666666666667	1.0	2	9	0.0
0.006666666666666667	1.0	4	9	0.0
0.006666666666666667	1.0	8	9	0.0
0.006666666666666667	1.0	16	9	0.0
0.006666666666666667	1.0	32	9	0.0
0.006666666666666667	1.0	64	9	0.0
0.006666666666666667	1.0	128	9	0.0
0.006666666666666667	1.0	256	9	0.6
0.006666666666666667	1.0	512	9	1.0
0.006666666666666667	1.0	384	9	1.0
0.006666666666666667	1.0	320	9	1.0
0.006666666666666667	1.0	288	9	0.9
0.006666666666666667	1.0	272	9	0.9
0.006666666666666667	1.0	264	9	0.8
0.006666666666666667	1.0	268	9	1.0
0.006666666666666667	1.0	266	9	1.0
0.006666666666666667	1.0	265	9	1.0
0.0033333333333333327	1.0	2	9	0.0
0.0033333333333333327	1.0	4	9	0.0
0.0033333333333333327	1.0	8	9	0.0
0.0033333333333333327	1.0	16	9	0.0
0.0033333333333333327	1.0	32	9	0.0
0.0033333333333333327	1.0	64	9	0.0
0.0033333333333333327	1.0	128	9	0.0
0.0033333333333333327	1.0	256	9	1.0
0.0033333333333333327	1.0	192	9	0.8
0.0033333333333333327	1.0	224	9	0.9
0.0033333333333333327	1.0	208	9	0.7
0.0033333333333333327	1.0	216	9	0.9
0.0033333333333333327	1.0	212	9	0.6
0.0033333333333333327	1.0	214	9	0.8
0.0033333333333333327	1.0	215	9	0.6
1.0	2.0	2	9	0.0
1.0	2.0	4	9	0.0
1.0	2.0	8	9	0.0
1.0	2.0	16	9	0.0
1.0	2.0	32	9	0.0
1.0	2.0	64	9	0.0
1.0	2.0	128	9	0.0
1.0	2.0	256	9	0.0
1.0	2.0	512	9	0.0
1.0	2.0	1024	9	0.0
1.0	2.0	2048	9	0.0
1.0	2.0	4096	9	0.0
0.5	2.0	2	9	0.0
0.5	2.0	4	9	0.0
0.5	2.0	8	9	0.0
0.5	2.0	16	9	0.0
0.5	2.0	32	9	0.0
0.5	2.0	64	9	0.0
0.5	2.0	128	9	0.0
0.5	2.0	256	9	0.0
0.5	2.0	512	9	0.0
0.5	2.0	1024	9	0.8
0.5	2.0	2048	9	1.0
0.5	2.0	1536	9	0.9
0.5	2.0	1280	9	0.9
0.5	2.0	1152	9	0.8
0.5	2.0	1216	9	1.0
0.5	2.0	1184	9	0.8
0.5	2.0	1200	9	1.0
0.5	2.0	1192	9	0.8
0.5	2.0	1196	9	0.8
0.5	2.0	1198	9	0.7
0.5	2.0	1199	9	1.0
0.2	2.0	2	9	0.0
0.2	2.0	4	9	0.0
0.2	2.0	8	9	0.0
0.2	2.0	16	9	0.0
0.2	2.0	32	9	0.0
0.2	2.0	64	9	0.0
0.2	2.0	128	9	0.0
0.2	2.0	256	9	0.2
0.2	2.0	512	9	0.8
0.2	2.0	1024	9	1.0
0.2	2.0	768	9	1.0
0.2	2.0	640	9	1.0
0.2	2.0	576	9	0.9
0.2	2.0	544	9	1.0
0.2	2.0	528	9	0.9
0.2	2.0	520	9	1.0
0.2	2.0	516	9	0.9
0.2	2.0	514	9	1.0
0.2	2.0	513	9	0.9
0.1111111111111111	2.0	2	9	0.0
0.1111111111111111	2.0	4	9	0.0
0.1111111111111111	2.0	8	9	0.0
0.1111111111111111	2.0	16	9	0.0
0.1111111111111111	2.0	32	9	0.0
0.1111111111111111	2.0	64	9	0.0
0.1111111111111111	2.0	128	9	0.0
0.1111111111111111	2.0	256	9	0.4
0.1111111111111111	2.0	512	9	1.0
0.1111111111111111	2.0	384	9	0.8
0.1111111111111111	2.0	448	9	0.9
0.1111111111111111	2.0	416	9	0.8
0.1111111111111111	2.0	432	9	0.9
0.1111111111111111	2.0	424	9	0.8
0.1111111111111111	2.0	428	9	0.9
0.1111111111111111	2.0	426	9	1.0
0.1111111111111111	2.0	425	9	0.8
0.07692307692307693	2.0	2	9	0.0
0.07692307692307693	2.0	4	9	0.0
0.07692307692307693	2.0	8	9	0.0
0.07692307692307693	2.0	16	9	0.0
0.07692307692307693	2.0	32	9	0.0
0.07692307692307693	2.0	64	9	0.0
0.07692307692307693	2.0	128	9	0.0
0.07692307692307693	2.0	256	9	0.4
0.07692307692307693	2.0	512	9	1.0
0.07692307692307693	2.0	384	9	1.0
0.07692307692307693	2.0	320	9	0.6
0.07692307692307693	2.0	352	9	0.7
0.07692307692307693	2.0	368	9	0.9
0.07692307692307693	2.0	360	9	0.7
0.07692307692307693	2.0	364	9	0.7
0.07692307692307693	2.0	366	9	0.8
0.07692307692307693	2.0	367	9	0.8
0.05882352941176471	2.0	2	9	0.0
0.05882352941176471	2.0	4	9	0.0
0.05882352941176471	2.0	8	9	0.0
0.05882352941176471	2.0	16	9	0.0
0.05882352941176471	2.0	32	9	0.0
0.05882352941176471	2.0	64	9	0.0
0.05882352941176471	2.0	128	9	0.0
0.05882352941176471	2.0	256	9	0.9
0.05882352941176471	2.0	192	9	0.4
0.05882352941176471	2.0	224	9	0.4
0.05882352941176471	2.0	240	9	0.1
0.05882352941176471	2.0	248	9	0.3
0.05882352941176471	2.0	252	9	0.7
0.05882352941176471	2.0	254	9	0.3
0.05882352941176471	2.0	255	9	0.3
0.047619047619047616	2.0	2	9	0.0
0.047619047619047616	2.0	4	9	0.0
0.047619047619047616	2.0	8	9	0.0
0.047619047619047616	2.0	16	9	0.0
0.047619047619047616	2.0	32	9	0.0
0.047619047619047616	2.0	64	9	0.0
0.047619047619047616	2.0	128	9	0.0
0.047619047619047616	2.0	256	9	0.3
0.047619047619047616	2.0	512	9	1.0
0.047619047619047616	2.0	384	9	1.0
0.047619047619047616	2.0	320	9	0.8
0.047619047619047616	2.0	352	9	0.7
0.047619047619047616	2.0	368	9	0.9
0.047619047619047616	2.0	360	9	0.8
0.047619047619047616	2.0	364	9	0.9
0.047619047619047616	2.0	362	9	1.0
0.047619047619047616	2.0	361	9	0.8
0.04	2.0	2	9	0.0
0.04	2.0	4	9	0.0
0.04	2.0	8	9	0.0
0.04	2.0	16	9	0.0
0.04	2.0	32	9	0.0
0.04	2.0	64	9	0.0
0.04	2.0	128	9	0.0
0.04	2.0	256	9	0.6
0.04	2.0	512	9	1.0
0.04	2.0	384	9	0.9
0.04	2.0	320	9	0.5
0.04	2.0	352	9	1.0
0.04	2.0	336	9	0.8
0.04	2.0	344	9	0.6
0.04	2.0	348	9	0.9
0.04	2.0	346	9	0.8
0.04	2.0	347	9	0.9
0.03448275862068965	2.0	2	9	0.0
0.03448275862068965	2.0	4	9	0.0
0.03448275862068965	2.0	8	9	0.0
0.03448275862068965	2.0	16	9	0.0
0.03448275862068965	2.0	32	9	0.0
0.03448275862068965	2.0	64	9	0.0
0.03448275862068965	2.0	128	9	0.0
0.03448275862068965	2.0	256	9	0.9
0.03448275862068965	2.0	192	9	0.4
0.03448275862068965	2.0	224	9	0.4
0.03448275862068965	2.0	240	9	0.7
0.03448275862068965	2.0	248	9	0.8
0.03448275862068965	2.0	252	9	0.5
0.03448275862068965	2.0	254	9	0.5
0.03448275862068965	2.0	255	9	0.8
0.030303030303030307	2.0	2	9	0.0
0.030303030303030307	2.0	4	9	0.0
0.030303030303030307	2.0	8	9	0.0
0.030303030303030307	2.0	16	9	0.0
0.030303030303030307	2.0	32	9	0.0
0.030303030303030307	2.0	64	9	0.0
0.030303030303030307	2.0	128	9	0.0
0.030303030303030307	2.0	256	9	0.3
0.030303030303030307	2.0	512	9	1.0
0.030303030303030307	2.0	384	9	1.0
0.030303030303030307	2.0	320	9	0.9
0.030303030303030307	2.0	288	9	0.9
0.030303030303030307	2.0	272	9	0.5
0.030303030303030307	2.0	280	9	0.9
0.030303030303030307	2.0	276	9	0.7
0.030303030303030307	2.0	278	9	0.6
0.030303030303030307	2.0	279	9	0.8
0.006666666666666667	2.0	2	9	0.0
0.006666666666666667	2.0	4	9	0.0
0.006666666666666667	2.0	8	9	0.0
0.006666666666666667	2.0	16	9	0.0
0.006666666666666667	2.0	32	9	0.0
0.006666666666666667	2.0	64	9	0.0
0.006666666666666667	2.0	128	9	0.0
0.006666666666666667	2.0	256	9	0.7
0.006666666666666667	2.0	512	9	1.0
0.006666666666666667	2.0	384	9	1.0
0.006666666666666667	2.0	320	9	1.0
0.006666666666666667	2.0	288	9	0.9
0.006666666666666667	2.0	272	9	0.8
0.006666666666666667	2.0	280	9	0.8
0.006666666666666667	2.0	284	9	0.9
0.006666666666666667	2.0	282	9	0.9
0.006666666666666667	2.0	281	9	0.9
0.0033333333333333327	2.0	2	9	0.0
0.0033333333333333327	2.0	4	9	0.0
0.0033333333333333327	2.0	8	9	0.0
0.0033333333333333327	2.0	16	9	0.0
0.0033333333333333327	2.0	32	9	0.0
0.0033333333333333327	2.0	64	9	0.0
0.0033333333333333327	2.0	128	9	0.0
0.0033333333333333327	2.0	256	9	0.9
0.0033333333333333327	2.0	192	9	0.4
0.0033333333333333327	2.0	224	9	0.5
0.0033333333333333327	2.0	240	9	0.8
0.0033333333333333327	2.0	248	9	0.6
0.0033333333333333327	2.0	252	9	0.6
0.0033333333333333327	2.0	254	9	1.0
0.0033333333333333327	2.0	253	9	0.8
1.0	5.0	2	9	0.0
1.0	5.0	4	9	0.0
1.0	5.0	8	9	0.0
1.0	5.0	16	9	0.0
1.0	5.0	32	9	0.0
1.0	5.0	64	9	0.0
1.0	5.0	128	9	0.0
1.0	5.0	256	9	0.0
1.0	5.0	512	9	0.0
1.0	5.0	1024	9	0.0
1.0	5.0	2048	9	0.0
1.0	5.0	4096	9	0.0
0.5	5.0	2	9	0.0
0.5	5.0	4	9	0.0
0.5	5.0	8	9	0.0
0.5	5.0	16	9	0.0
0.5	5.0	32	9	0.0
0.5	5.0	64	9	0.0
0.5	5.0	128	9	0.0
0.5	5.0	256	9	0.0
0.5	5.0	512	9	0.0
0.5	5.0	1024	9	0.0
0.5	5.0	2048	9	0.1
0.5	5.0	4096	9	0.4
0.2	5.0	2	9	0.0
0.2	5.0	4	9	0.0
0.2	5.0	8	9	0.0
0.2	5.0	16	9	0.0
0.2	5.0	32	9	0.0
0.2	5.0	64	9	0.0
0.2	5.0	128	9	0.0
0.2	5.0	256	9	0.0
0.2	5.0	512	9	0.0
0.2	5.0	1024	9	0.0
0.2	5.0	2048	9	0.3
0.2	5.0	4096	9	0.9
0.2	5.0	3072	9	0.8
0.2	5.0	3584	9	0.9
0.2	5.0	3328	9	0.8
0.2	5.0	3456	9	0.8
0.2	5.0	3520	9	1.0
0.2	5.0	3488	9	0.9
0.2	5.0	3472	9	0.9
0.2	5.0	3464	9	1.0
0.2	5.0	3460	9	1.0
0.2	5.0	3458	9	0.9
0.2	5.0	3457	9	0.9
0.1111111111111111	5.0	2	9	0.0
0.1111111111111111	5.0	4	9	0.0
0.1111111111111111	5.0	8	9	0.0
0.1111111111111111	5.0	16	9	0.0
0.1111111111111111	5.0	32	9	0.0
0.1111111111111111	5.0	64	9	0.0
0.1111111111111111	5.0	128	9	0.0
0.1111111111111111	5.0	256	9	0.0
0.1111111111111111	5.0	512	9	0.0
0.1111111111111111	5.0	1024	9	0.0
0.1111111111111111	5.0	2048	9	0.9
0.1111111111111111	5.0	1536	9	0.1
0.1111111111111111	5.0	1792	9	0.5
0.1111111111111111	5.0	1920	9	0.7
0.1111111111111111	5.0	1984	9	0.4
0.1111111111111111	5.0	2016	9	0.8
0.1111111111111111	5.0	2032	9	0.9
0.1111111111111111	5.0	2024	9	0.9
0.1111111111111111	5.0	2020	9	0.7
0.1111111111111111	5.0	2022	9	0.7
0.1111111111111111	5.0	2023	9	0.7
0.07692307692307693	5.0	2	9	0.0
0.07692307692307693	5.0	4	9	0.0
0.07692307692307693	5.0	8	9	0.0
0.07692307692307693	5.0	16	9	0.0
0.07692307692307693	5.0	32	9	0.0
0.07692307692307693	5.0	64	9	0.0
0.07692307692307693	5.0	128	9	0.0
0.07692307692307693	5.0	256	9	0.0
0.07692307692307693	5.0	512	9	0.0
0.07692307692307693	5.0	1024	9	0.3
0.07692307692307693	5.0	2048	9	0.7
0.07692307692307693	5.0	4096	9	1.0
0.07692307692307693	5.0	3072	9	0.9
0.07692307692307693	5.0	2560	9	0.9
0.07692307692307693	5.0	2304	9	1.0
0.07692307692307693	5.0	2176	9	0.9
0.07692307692307693	5.0	2112	9	0.8
0.07692307692307693	5.0	2144	9	0.7
0.07692307692307693	5.0	2160	9	0.5
0.07692307692307693	5.0	2168	9	0.8
0.07692307692307693	5.0	2172	9	1.0
0.07692307692307693	5.0	2170	9	1.0
0.07692307692307693	5.0	2169	9	0.9
0.05882352941176471	5.0	2	9	0.0
0.05882352941176471	5.0	4	9	0.0
0.05882352941176471	5.0	8	9	0.0
0.05882352941176471	5.0	16	9	0.0
0.05882352941176471	5.0	32	9	0.0
0.05882352941176471	5.0	64	9	0.0
0.05882352941176471	5.0	128	9	0.0
0.05882352941176471	5.0	256	9	0.0
0.05882352941176471	5.0	512	9	0.0
0.05882352941176471	5.0	1024	9	0.2
0.05882352941176471	5.0	2048	9	1.0
0.05882352941176471	5.0	1536	9	0.7
0.05882352941176471	5.0	1792	9	0.7
0.05882352941176471	5.0	1920	9	0.7
0.05882352941176471	5.0	1984	9	0.7
0.05882352941176471	5.0	2016	9	0.6
0.05882352941176471	5.0	2032	9	0.8
0.05882352941176471	5.0	2040	9	0.9
0.05882352941176471	5.0	2036	9	0.8
0.05882352941176471	5.0	2038	9	0.9
0.05882352941176471	5.0	2037	9	0.9
0.047619047619047616	5.0	2	9	0.0
0.047619047619047616	5.0	4	9	0.0
0.047619047619047616	5.0	8	9	0.0
0.047619047619047616	5.0	16	9	0.0
0.047619047619047616	5.0	32	9	0.0
0.047619047619047616	5.0	64	9	0.0
0.047619047619047616	5.0	128	9	0.0
0.047619047619047616	5.0	256	9	0.0
0.047619047619047616	5.0	512	9	0.0
0.047619047619047616	5.0	1024	9	0.0
0.047619047619047616	5.0	2048	9	0.7
0.047619047619047616	5.0	4096	9	1.0
0.047619047619047616	5.0	3072	9	1.0
0.047619047619047616	5.0	2560	9	1.0
0.047619047619047616	5.0	2304	9	0.9
0.047619047619047616	5.0	2176	9	0.9
0.047619047619047616	5.0	2112	9	0.8
0.047619047619047616	5.0	2144	9	0.8
0.047619047619047616	5.0	2160	9	0.8
0.047619047619047616	5.0	2168	9	0.7
0.047619047619047616	5.0	2172	9	0.9
0.047619047619047616	5.0	2170	9	0.7
0.047619047619047616	5.0	2171	9	0.9
0.04	5.0	2	9	0.0
0.04	5.0	4	9	0.0
0.04	5.0	8	9	0.0
0.04	5.0	16	9	0.0
0.04	5.0	32	9	0.0
0.04	5.0	64	9	0.0
0.04	5.0	128	9	0.0
0.04	5.0	256	9	0.0
0.04	5.0	512	9	0.0
0.04	5.0	1024	9	0.3
0.04	5.0	2048	9	0.8
0.04	5.0	4096	9	1.0
0.04	5.0	3072	9	1.0
0.04	5.0	2560	9	0.9
0.04	5.0	2304	9	1.0
0.04	5.0	2176	9	0.7
0.04	5.0	2240	9	0.8
0.04	5.0	2272	9	1.0
0.04	5.0	2256	9	0.7
0.04	5.0	2264	9	0.8
0.04	5.0	2268	9	0.9
0.04	5.0	2266	9	1.0
0.04	5.0	2265	9	0.9
0.03448275862068965	5.0	2	9	0.0
0.03448275862068965	5.0	4	9	0.0
0.03448275862068965	5.0	8	9	0.0
0.03448275862068965	5.0	16	9	0.0
0.03448275862068965	5.0	32	9	0.0
0.03448275862068965	5.0	64	9	0.0
0.03448275862068965	5.0	128	9	0.0
0.03448275862068965	5.0	256	9	0.0
0.03448275862068965	5.0	512	9	0.0
0.03448275862068965	5.0	1024	9	0.3
0.03448275862068965	5.0	2048	9	0.9
0.03448275862068965	5.0	1536	9	0.6
0.03448275862068965	5.0	1792	9	0.9
0.03448275862068965	5.0	1664	9	0.5
0.03448275862068965	5.0	1728	9	0.4
0.03448275862068965	5.0	1760	9	1.0
0.03448275862068965	5.0	1744	9	0.8
0.03448275862068965	5.0	1752	9	0.9
0.03448275862068965	5.0	1748	9	0.6
0.03448275862068965	5.0	1750	9	0.8
0.03448275862068965	5.0	1751	9	0.8
0.030303030303030307	5.0	2	9	0.0
0.030303030303030307	5.0	4	9	0.0
0.030303030303030307	5.0	8	9	0.0
0.030303030303030307	5.0	16	9	0.0
0.030303030303030307	5.0	32	9	0.0
0.030303030303030307	5.0	64	9	0.0
0.030303030303030307	5.0	128	9	0.0
0.030303030303030307	5.0	256	9	0.0
0.030303030303030307	5.0	512	9	0.0
0.030303030303030307	5.0	1024	9	0.1
0.030303030303030307	5.0	2048	9	0.9
0.030303030303030307	5.0	1536	9	0.3
0.030303030303030307	5.0	1792	9	0.8
0.030303030303030307	5.0	1920	9	0.8
0.030303030303030307	5.0	1984	9	1.0
0.030303030303030307	5.0	1952	9	1.0
0.030303030303030307	5.0	1936	9	1.0
0.030303030303030307	5.0	1928	9	0.9
0.030303030303030307	5.0	1924	9	0.8
0.030303030303030307	5.0	1926	9	1.0
0.030303030303030307	5.0	1925	9	0.8
0.006666666666666667	5.0	2	9	0.0
0.006666666666666667	5.0	4	9	0.0
0.006666666666666667	5.0	8	9	0.0
0.006666666666666667	5.0	16	9	0.0
0.006666666666666667	5.0	32	9	0.0
0.006666666666666667	5.0	64	9	0.0
0.006666666666666667	5.0	128	9	0.0
0.006666666666666667	5.0	256	9	0.0
0.006666666666666667	5.0	512	9	0.0
0.006666666666666667	5.0	1024	9	0.1
0.006666666666666667	5.0	2048	9	0.8
0.006666666666666667	5.0	4096	9	1.0
0.006666666666666667	5.0	3072	9	1.0
0.006666666666666667	5.0	2560	9	1.0
0.006666666666666667	5.0	2304	9	0.9
0.006666666666666667	5.0	2176	9	1.0
0.006666666666666667	5.0	2112	9	1.0
0.006666666666666667	5.0	2080	9	1.0
0.006666666666666667	5.0	2064	9	0.9
0.006666666666666667	5.0	2056	9	0.8
0.006666666666666667	5.0	2060	9	1.0
0.006666666666666667	5.0	2058	9	0.9
0.006666666666666667	5.0	2057	9	0.9
0.0033333333333333327	5.0	2	9	0.0
0.0033333333333333327	5.0	4	9	0.0
0.0033333333333333327	5.0	8	9	0.0
0.0033333333333333327	5.0	16	9	0.0
0.0033333333333333327	5.0	32	9	0.0
0.0033333333333333327	5.0	64	9	0.0
0.0033333333333333327	5.0	128	9	0.0
0.0033333333333333327	5.0	256	9	0.0
0.0033333333333333327	5.0	512	9	0.0
0.0033333333333333327	5.0	1024	9	0.4
0.0033333333333333327	5.0	2048	9	1.0
0.0033333333333333327	5.0	1536	9	0.7
0.0033333333333333327	5.0	1792	9	0.7
0.0033333333333333327	5.0	1920	9	0.8
0.0033333333333333327	5.0	1984	9	0.6
0.0033333333333333327	5.0	2016	9	1.0
0.0033333333333333327	5.0	2000	9	1.0
0.0033333333333333327	5.0	1992	9	0.9
0.0033333333333333327	5.0	1988	9	0.9
0.0033333333333333327	5.0	1986	9	0.9
0.0033333333333333327	5.0	1985	9	0.9
