1.0	0.08333333333333333	2	9	0.0
1.0	0.08333333333333333	4	9	0.0
1.0	0.08333333333333333	8	9	0.0
1.0	0.08333333333333333	16	9	0.0
1.0	0.08333333333333333	32	9	0.0
1.0	0.08333333333333333	64	9	0.0
1.0	0.08333333333333333	128	9	0.0
1.0	0.08333333333333333	256	9	0.1
1.0	0.08333333333333333	512	9	0.2
1.0	0.08333333333333333	1024	9	0.3
1.0	0.08333333333333333	2048	9	1.0
1.0	0.08333333333333333	1536	9	0.9
1.0	0.08333333333333333	1280	9	0.5
1.0	0.08333333333333333	1408	9	0.8
1.0	0.08333333333333333	1472	9	0.9
1.0	0.08333333333333333	1440	9	1.0
1.0	0.08333333333333333	1424	9	0.8
1.0	0.08333333333333333	1432	9	0.9
1.0	0.08333333333333333	1428	9	0.6
1.0	0.08333333333333333	1430	9	0.9
1.0	0.08333333333333333	1429	9	0.8
0.5	0.08333333333333333	2	9	0.0
0.5	0.08333333333333333	4	9	0.0
0.5	0.08333333333333333	8	9	0.0
0.5	0.08333333333333333	16	9	0.0
0.5	0.08333333333333333	32	9	0.0
0.5	0.08333333333333333	64	9	0.0
0.5	0.08333333333333333	128	9	0.0
0.5	0.08333333333333333	256	9	0.0
0.5	0.08333333333333333	512	9	0.4
0.5	0.08333333333333333	1024	9	0.7
0.5	0.08333333333333333	2048	9	0.9
0.5	0.08333333333333333	1536	9	0.7
0.5	0.08333333333333333	1792	9	0.9
0.5	0.08333333333333333	1664	9	1.0
0.5	0.08333333333333333	1600	9	0.8
0.5	0.08333333333333333	1632	9	1.0
0.5	0.08333333333333333	1616	9	0.9
0.5	0.08333333333333333	1608	9	1.0
0.5	0.08333333333333333	1604	9	0.9
0.5	0.08333333333333333	1602	9	0.9
0.5	0.08333333333333333	1601	9	1.0
0.2	0.08333333333333333	2	9	0.0
0.2	0.08333333333333333	4	9	0.0
0.2	0.08333333333333333	8	9	0.0
0.2	0.08333333333333333	16	9	0.0
0.2	0.08333333333333333	32	9	0.0
0.2	0.08333333333333333	64	9	0.0
0.2	0.08333333333333333	128	9	0.0
0.2	0.08333333333333333	256	9	0.1
0.2	0.08333333333333333	512	9	0.7
0.2	0.08333333333333333	1024	9	0.9
0.2	0.08333333333333333	768	9	0.9
0.2	0.08333333333333333	640	9	0.7
0.2	0.08333333333333333	704	9	0.7
0.2	0.08333333333333333	736	9	0.9
0.2	0.08333333333333333	720	9	0.7
0.2	0.08333333333333333	728	9	0.8
0.2	0.08333333333333333	732	9	0.7
0.2	0.08333333333333333	734	9	0.5
0.2	0.08333333333333333	735	9	0.9
0.1111111111111111	0.08333333333333333	2	9	0.0
0.1111111111111111	0.08333333333333333	4	9	0.0
0.1111111111111111	0.08333333333333333	8	9	0.0
0.1111111111111111	0.08333333333333333	16	9	0.0
0.1111111111111111	0.08333333333333333	32	9	0.0
0.1111111111111111	0.08333333333333333	64	9	0.0
0.1111111111111111	0.08333333333333333	128	9	0.0
0.1111111111111111	0.08333333333333333	256	9	0.1
0.1111111111111111	0.08333333333333333	512	9	0.7
0.1111111111111111	0.08333333333333333	1024	9	1.0
0.1111111111111111	0.08333333333333333	768	9	0.7
0.1111111111111111	0.08333333333333333	896	9	0.9
0.1111111111111111	0.08333333333333333	832	9	0.9
0.1111111111111111	0.08333333333333333	800	9	0.6
0.1111111111111111	0.08333333333333333	816	9	0.7
0.1111111111111111	0.08333333333333333	824	9	0.7
0.1111111111111111	0.08333333333333333	828	9	0.6
0.1111111111111111	0.08333333333333333	830	9	0.8
0.1111111111111111	0.08333333333333333	831	9	1.0
0.07692307692307693	0.08333333333333333	2	9	0.0
0.07692307692307693	0.08333333333333333	4	9	0.0
0.07692307692307693	0.08333333333333333	8	9	0.0
0.07692307692307693	0.08333333333333333	16	9	0.0
0.07692307692307693	0.08333333333333333	32	9	0.0
0.07692307692307693	0.08333333333333333	64	9	0.0
0.07692307692307693	0.08333333333333333	128	9	0.0
0.07692307692307693	0.08333333333333333	256	9	0.1
0.07692307692307693	0.08333333333333333	512	9	0.6
0.07692307692307693	0.08333333333333333	1024	9	1.0
0.07692307692307693	0.08333333333333333	768	9	1.0
0.07692307692307693	0.08333333333333333	640	9	0.9
0.07692307692307693	0.08333333333333333	576	9	0.8
0.07692307692307693	0.08333333333333333	608	9	0.5
0.07692307692307693	0.08333333333333333	624	9	0.9
0.07692307692307693	0.08333333333333333	616	9	0.7
0.07692307692307693	0.08333333333333333	620	9	0.8
0.07692307692307693	0.08333333333333333	622	9	0.7
0.07692307692307693	0.08333333333333333	623	9	0.4
0.05882352941176471	0.08333333333333333	2	9	0.0
0.05882352941176471	0.08333333333333333	4	9	0.0
0.05882352941176471	0.08333333333333333	8	9	0.0
0.05882352941176471	0.08333333333333333	16	9	0.0
0.05882352941176471	0.08333333333333333	32	9	0.0
0.05882352941176471	0.08333333333333333	64	9	0.0
0.05882352941176471	0.08333333333333333	128	9	0.1
0.05882352941176471	0.08333333333333333	256	9	0.0
0.05882352941176471	0.08333333333333333	512	9	0.5
0.05882352941176471	0.08333333333333333	1024	9	1.0
0.05882352941176471	0.08333333333333333	768	9	0.9
0.05882352941176471	0.08333333333333333	640	9	0.7
0.05882352941176471	0.08333333333333333	704	9	0.9
0.05882352941176471	0.08333333333333333	672	9	0.7
0.05882352941176471	0.08333333333333333	688	9	0.4
0.05882352941176471	0.08333333333333333	696	9	1.0
0.05882352941176471	0.08333333333333333	692	9	1.0
0.05882352941176471	0.08333333333333333	690	9	0.7
0.05882352941176471	0.08333333333333333	691	9	0.8
0.047619047619047616	0.08333333333333333	2	9	0.0
0.047619047619047616	0.08333333333333333	4	9	0.0
0.047619047619047616	0.08333333333333333	8	9	0.0
0.047619047619047616	0.08333333333333333	16	9	0.0
0.047619047619047616	0.08333333333333333	32	9	0.0
0.047619047619047616	0.08333333333333333	64	9	0.0
0.047619047619047616	0.08333333333333333	128	9	0.0
0.047619047619047616	0.08333333333333333	256	9	0.0
0.047619047619047616	0.08333333333333333	512	9	0.8
0.047619047619047616	0.08333333333333333	1024	9	1.0
0.047619047619047616	0.08333333333333333	768	9	0.9
0.047619047619047616	0.08333333333333333	640	9	0.7
0.047619047619047616	0.08333333333333333	704	9	0.6
0.047619047619047616	0.08333333333333333	736	9	0.9
0.047619047619047616	0.08333333333333333	720	9	0.9
0.047619047619047616	0.08333333333333333	712	9	0.5
0.047619047619047616	0.08333333333333333	716	9	0.8
0.047619047619047616	0.08333333333333333	718	9	0.8
0.047619047619047616	0.08333333333333333	719	9	0.7
0.04	0.08333333333333333	2	9	0.0
0.04	0.08333333333333333	4	9	0.0
0.04	0.08333333333333333	8	9	0.0
0.04	0.08333333333333333	16	9	0.0
0.04	0.08333333333333333	32	9	0.0
0.04	0.08333333333333333	64	9	0.0
0.04	0.08333333333333333	128	9	0.0
0.04	0.08333333333333333	256	9	0.1
0.04	0.08333333333333333	512	9	0.5
0.04	0.08333333333333333	1024	9	1.0
0.04	0.08333333333333333	768	9	0.9
0.04	0.08333333333333333	640	9	0.8
0.04	0.08333333333333333	704	9	0.7
0.04	0.08333333333333333	736	9	0.7
0.04	0.08333333333333333	752	9	0.8
0.04	0.08333333333333333	760	9	0.9
0.04	0.08333333333333333	756	9	0.9
0.04	0.08333333333333333	754	9	0.9
0.04	0.08333333333333333	753	9	0.8
0.03448275862068965	0.08333333333333333	2	9	0.0
0.03448275862068965	0.08333333333333333	4	9	0.0
0.03448275862068965	0.08333333333333333	8	9	0.0
0.03448275862068965	0.08333333333333333	16	9	0.0
0.03448275862068965	0.08333333333333333	32	9	0.0
0.03448275862068965	0.08333333333333333	64	9	0.0
0.03448275862068965	0.08333333333333333	128	9	0.0
0.03448275862068965	0.08333333333333333	256	9	0.0
0.03448275862068965	0.08333333333333333	512	9	0.4
0.03448275862068965	0.08333333333333333	1024	9	1.0
0.03448275862068965	0.08333333333333333	768	9	1.0
0.03448275862068965	0.08333333333333333	640	9	0.8
0.03448275862068965	0.08333333333333333	704	9	1.0
0.03448275862068965	0.08333333333333333	672	9	0.9
0.03448275862068965	0.08333333333333333	656	9	0.9
0.03448275862068965	0.08333333333333333	648	9	0.9
0.03448275862068965	0.08333333333333333	644	9	0.9
0.03448275862068965	0.08333333333333333	642	9	0.8
0.03448275862068965	0.08333333333333333	643	9	0.7
0.030303030303030307	0.08333333333333333	2	9	0.0
0.030303030303030307	0.08333333333333333	4	9	0.0
0.030303030303030307	0.08333333333333333	8	9	0.0
0.030303030303030307	0.08333333333333333	16	9	0.0
0.030303030303030307	0.08333333333333333	32	9	0.0
0.030303030303030307	0.08333333333333333	64	9	0.0
0.030303030303030307	0.08333333333333333	128	9	0.0
0.030303030303030307	0.08333333333333333	256	9	0.2
0.030303030303030307	0.08333333333333333	512	9	0.7
0.030303030303030307	0.08333333333333333	1024	9	0.9
0.030303030303030307	0.08333333333333333	768	9	0.7
0.030303030303030307	0.08333333333333333	896	9	0.7
0.030303030303030307	0.08333333333333333	960	9	1.0
0.030303030303030307	0.08333333333333333	928	9	1.0
0.030303030303030307	0.08333333333333333	912	9	1.0
0.030303030303030307	0.08333333333333333	904	9	1.0
0.030303030303030307	0.08333333333333333	900	9	0.9
0.030303030303030307	0.08333333333333333	898	9	1.0
0.030303030303030307	0.08333333333333333	897	9	1.0
0.006666666666666667	0.08333333333333333	2	9	0.1
0.006666666666666667	0.08333333333333333	4	9	0.0
0.006666666666666667	0.08333333333333333	8	9	0.0
0.006666666666666667	0.08333333333333333	16	9	0.0
0.006666666666666667	0.08333333333333333	32	9	0.0
0.006666666666666667	0.08333333333333333	64	9	0.0
0.006666666666666667	0.08333333333333333	128	9	0.0
0.006666666666666667	0.08333333333333333	256	9	0.1
0.006666666666666667	0.08333333333333333	512	9	0.8
0.006666666666666667	0.08333333333333333	1024	9	1.0
0.006666666666666667	0.08333333333333333	768	9	0.9
0.006666666666666667	0.08333333333333333	640	9	0.8
0.006666666666666667	0.08333333333333333	704	9	0.9
0.006666666666666667	0.08333333333333333	672	9	0.9
0.006666666666666667	0.08333333333333333	656	9	0.9
0.006666666666666667	0.08333333333333333	648	9	0.8
0.006666666666666667	0.08333333333333333	652	9	0.8
0.006666666666666667	0.08333333333333333	654	9	0.9
0.006666666666666667	0.08333333333333333	653	9	0.9
0.0033333333333333327	0.08333333333333333	2	9	0.0
0.0033333333333333327	0.08333333333333333	4	9	0.0
0.0033333333333333327	0.08333333333333333	8	9	0.0
0.0033333333333333327	0.08333333333333333	16	9	0.0
0.0033333333333333327	0.08333333333333333	32	9	0.0
0.0033333333333333327	0.08333333333333333	64	9	0.0
0.0033333333333333327	0.08333333333333333	128	9	0.0
0.0033333333333333327	0.08333333333333333	256	9	0.3
0.0033333333333333327	0.08333333333333333	512	9	0.6
0.0033333333333333327	0.08333333333333333	1024	9	0.9
0.0033333333333333327	0.08333333333333333	768	9	0.9
0.0033333333333333327	0.08333333333333333	640	9	0.8
0.0033333333333333327	0.08333333333333333	704	9	0.9
0.0033333333333333327	0.08333333333333333	672	9	0.6
0.0033333333333333327	0.08333333333333333	688	9	0.9
0.0033333333333333327	0.08333333333333333	680	9	0.9
0.0033333333333333327	0.08333333333333333	676	9	0.9
0.0033333333333333327	0.08333333333333333	674	9	0.7
0.0033333333333333327	0.08333333333333333	675	9	0.7
1.0	0.1	2	9	0.0
1.0	0.1	4	9	0.0
1.0	0.1	8	9	0.0
1.0	0.1	16	9	0.0
1.0	0.1	32	9	0.0
1.0	0.1	64	9	0.0
1.0	0.1	128	9	0.0
1.0	0.1	256	9	0.0
1.0	0.1	512	9	0.4
1.0	0.1	1024	9	0.9
1.0	0.1	768	9	0.4
1.0	0.1	896	9	0.5
1.0	0.1	960	9	0.5
1.0	0.1	992	9	0.7
1.0	0.1	1008	9	0.8
1.0	0.1	1016	9	0.4
1.0	0.1	1020	9	0.7
1.0	0.1	1022	9	0.6
1.0	0.1	1023	9	0.6
0.5	0.1	2	9	0.0
0.5	0.1	4	9	0.0
0.5	0.1	8	9	0.0
0.5	0.1	16	9	0.0
0.5	0.1	32	9	0.0
0.5	0.1	64	9	0.0
0.5	0.1	128	9	0.0
0.5	0.1	256	9	0.1
0.5	0.1	512	9	0.4
0.5	0.1	1024	9	0.6
0.5	0.1	2048	9	1.0
0.5	0.1	1536	9	0.8
0.5	0.1	1792	9	1.0
0.5	0.1	1664	9	0.8
0.5	0.1	1728	9	0.9
0.5	0.1	1696	9	1.0
0.5	0.1	1680	9	1.0
0.5	0.1	1672	9	1.0
0.5	0.1	1668	9	0.9
0.5	0.1	1666	9	1.0
0.5	0.1	1665	9	1.0
0.2	0.1	2	9	0.0
0.2	0.1	4	9	0.0
0.2	0.1	8	9	0.0
0.2	0.1	16	9	0.0
0.2	0.1	32	9	0.0
0.2	0.1	64	9	0.0
0.2	0.1	128	9	0.0
0.2	0.1	256	9	0.0
0.2	0.1	512	9	0.3
0.2	0.1	1024	9	0.9
0.2	0.1	768	9	0.8
0.2	0.1	896	9	0.9
0.2	0.1	832	9	0.8
0.2	0.1	864	9	0.8
0.2	0.1	880	9	0.9
0.2	0.1	872	9	1.0
0.2	0.1	868	9	1.0
0.2	0.1	866	9	0.9
0.2	0.1	865	9	1.0
0.1111111111111111	0.1	2	9	0.0
0.1111111111111111	0.1	4	9	0.0
0.1111111111111111	0.1	8	9	0.0
0.1111111111111111	0.1	16	9	0.0
0.1111111111111111	0.1	32	9	0.0
0.1111111111111111	0.1	64	9	0.0
0.1111111111111111	0.1	128	9	0.0
0.1111111111111111	0.1	256	9	0.0
0.1111111111111111	0.1	512	9	0.8
0.1111111111111111	0.1	1024	9	1.0
0.1111111111111111	0.1	768	9	0.9
0.1111111111111111	0.1	640	9	0.8
0.1111111111111111	0.1	704	9	0.9
0.1111111111111111	0.1	672	9	0.9
0.1111111111111111	0.1	656	9	0.9
0.1111111111111111	0.1	648	9	0.7
0.1111111111111111	0.1	652	9	0.9
0.1111111111111111	0.1	650	9	0.8
0.1111111111111111	0.1	651	9	0.7
0.07692307692307693	0.1	2	9	0.0
0.07692307692307693	0.1	4	9	0.0
0.07692307692307693	0.1	8	9	0.0
0.07692307692307693	0.1	16	9	0.0
0.07692307692307693	0.1	32	9	0.0
0.07692307692307693	0.1	64	9	0.0
0.07692307692307693	0.1	128	9	0.0
0.07692307692307693	0.1	256	9	0.2
0.07692307692307693	0.1	512	9	0.7
0.07692307692307693	0.1	1024	9	1.0
0.07692307692307693	0.1	768	9	1.0
0.07692307692307693	0.1	640	9	0.7
0.07692307692307693	0.1	704	9	0.8
0.07692307692307693	0.1	736	9	1.0
0.07692307692307693	0.1	720	9	1.0
0.07692307692307693	0.1	712	9	1.0
0.07692307692307693	0.1	708	9	1.0
0.07692307692307693	0.1	706	9	1.0
0.07692307692307693	0.1	705	9	1.0
0.05882352941176471	0.1	2	9	0.0
0.05882352941176471	0.1	4	9	0.0
0.05882352941176471	0.1	8	9	0.0
0.05882352941176471	0.1	16	9	0.0
0.05882352941176471	0.1	32	9	0.0
0.05882352941176471	0.1	64	9	0.0
0.05882352941176471	0.1	128	9	0.1
0.05882352941176471	0.1	256	9	0.2
0.05882352941176471	0.1	512	9	0.7
0.05882352941176471	0.1	1024	9	1.0
0.05882352941176471	0.1	768	9	0.9
0.05882352941176471	0.1	640	9	0.7
0.05882352941176471	0.1	704	9	0.9
0.05882352941176471	0.1	672	9	1.0
0.05882352941176471	0.1	656	9	0.8
0.05882352941176471	0.1	664	9	0.8
0.05882352941176471	0.1	668	9	0.8
0.05882352941176471	0.1	670	9	0.9
0.05882352941176471	0.1	669	9	0.9
0.047619047619047616	0.1	2	9	0.0
0.047619047619047616	0.1	4	9	0.0
0.047619047619047616	0.1	8	9	0.0
0.047619047619047616	0.1	16	9	0.0
0.047619047619047616	0.1	32	9	0.0
0.047619047619047616	0.1	64	9	0.0
0.047619047619047616	0.1	128	9	0.0
0.047619047619047616	0.1	256	9	0.2
0.047619047619047616	0.1	512	9	0.7
0.047619047619047616	0.1	1024	9	1.0
0.047619047619047616	0.1	768	9	0.8
0.047619047619047616	0.1	896	9	1.0
0.047619047619047616	0.1	832	9	1.0
0.047619047619047616	0.1	800	9	0.9
0.047619047619047616	0.1	784	9	1.0
0.047619047619047616	0.1	776	9	1.0
0.047619047619047616	0.1	772	9	0.9
0.047619047619047616	0.1	770	9	1.0
0.047619047619047616	0.1	769	9	0.9
0.04	0.1	2	9	0.1
0.04	0.1	4	9	0.0
0.04	0.1	8	9	0.0
0.04	0.1	16	9	0.0
0.04	0.1	32	9	0.0
0.04	0.1	64	9	0.0
0.04	0.1	128	9	0.0
0.04	0.1	256	9	0.3
0.04	0.1	512	9	0.7
0.04	0.1	1024	9	1.0
0.04	0.1	768	9	0.9
0.04	0.1	640	9	0.9
0.04	0.1	576	9	0.8
0.04	0.1	608	9	0.9
0.04	0.1	592	9	0.9
0.04	0.1	584	9	1.0
0.04	0.1	580	9	0.7
0.04	0.1	582	9	1.0
0.04	0.1	581	9	0.8
0.03448275862068965	0.1	2	9	0.0
0.03448275862068965	0.1	4	9	0.0
0.03448275862068965	0.1	8	9	0.0
0.03448275862068965	0.1	16	9	0.0
0.03448275862068965	0.1	32	9	0.0
0.03448275862068965	0.1	64	9	0.0
0.03448275862068965	0.1	128	9	0.0
0.03448275862068965	0.1	256	9	0.2
0.03448275862068965	0.1	512	9	0.7
0.03448275862068965	0.1	1024	9	1.0
0.03448275862068965	0.1	768	9	0.9
0.03448275862068965	0.1	640	9	0.9
0.03448275862068965	0.1	576	9	0.7
0.03448275862068965	0.1	608	9	0.9
0.03448275862068965	0.1	592	9	0.8
0.03448275862068965	0.1	600	9	0.6
0.03448275862068965	0.1	604	9	0.7
0.03448275862068965	0.1	606	9	0.8
0.03448275862068965	0.1	607	9	1.0
0.030303030303030307	0.1	2	9	0.0
0.030303030303030307	0.1	4	9	0.0
0.030303030303030307	0.1	8	9	0.0
0.030303030303030307	0.1	16	9	0.0
0.030303030303030307	0.1	32	9	0.0
0.030303030303030307	0.1	64	9	0.0
0.030303030303030307	0.1	128	9	0.0
0.030303030303030307	0.1	256	9	0.2
0.030303030303030307	0.1	512	9	0.8
0.030303030303030307	0.1	1024	9	1.0
0.030303030303030307	0.1	768	9	1.0
0.030303030303030307	0.1	640	9	0.9
0.030303030303030307	0.1	576	9	0.8
0.030303030303030307	0.1	608	9	1.0
0.030303030303030307	0.1	592	9	0.8
0.030303030303030307	0.1	600	9	0.6
0.030303030303030307	0.1	604	9	0.8
0.030303030303030307	0.1	606	9	0.9
0.030303030303030307	0.1	605	9	0.8
0.006666666666666667	0.1	2	9	0.0
0.006666666666666667	0.1	4	9	0.0
0.006666666666666667	0.1	8	9	0.0
0.006666666666666667	0.1	16	9	0.0
0.006666666666666667	0.1	32	9	0.0
0.006666666666666667	0.1	64	9	0.0
0.006666666666666667	0.1	128	9	0.0
0.006666666666666667	0.1	256	9	0.2
0.006666666666666667	0.1	512	9	0.7
0.006666666666666667	0.1	1024	9	1.0
0.006666666666666667	0.1	768	9	0.9
0.006666666666666667	0.1	640	9	0.8
0.006666666666666667	0.1	704	9	1.0
0.006666666666666667	0.1	672	9	0.8
0.006666666666666667	0.1	688	9	1.0
0.006666666666666667	0.1	680	9	1.0
0.006666666666666667	0.1	676	9	0.7
0.006666666666666667	0.1	678	9	1.0
0.006666666666666667	0.1	677	9	1.0
0.0033333333333333327	0.1	2	9	0.0
0.0033333333333333327	0.1	4	9	0.0
0.0033333333333333327	0.1	8	9	0.0
0.0033333333333333327	0.1	16	9	0.0
0.0033333333333333327	0.1	32	9	0.0
0.0033333333333333327	0.1	64	9	0.0
0.0033333333333333327	0.1	128	9	0.0
0.0033333333333333327	0.1	256	9	0.2
0.0033333333333333327	0.1	512	9	0.9
0.0033333333333333327	0.1	384	9	0.7
0.0033333333333333327	0.1	448	9	0.6
0.0033333333333333327	0.1	480	9	0.4
0.0033333333333333327	0.1	496	9	0.8
0.0033333333333333327	0.1	504	9	1.0
0.0033333333333333327	0.1	500	9	0.9
0.0033333333333333327	0.1	498	9	0.7
0.0033333333333333327	0.1	499	9	0.9
1.0	0.125	2	9	0.0
1.0	0.125	4	9	0.0
1.0	0.125	8	9	0.0
1.0	0.125	16	9	0.0
1.0	0.125	32	9	0.0
1.0	0.125	64	9	0.0
1.0	0.125	128	9	0.0
1.0	0.125	256	9	0.1
1.0	0.125	512	9	0.2
1.0	0.125	1024	9	0.2
1.0	0.125	2048	9	0.9
1.0	0.125	1536	9	0.9
1.0	0.125	1280	9	0.8
1.0	0.125	1408	9	0.9
1.0	0.125	1344	9	0.5
1.0	0.125	1376	9	0.8
1.0	0.125	1392	9	0.9
1.0	0.125	1384	9	0.8
1.0	0.125	1388	9	0.8
1.0	0.125	1390	9	0.8
1.0	0.125	1391	9	0.8
0.5	0.125	2	9	0.0
0.5	0.125	4	9	0.0
0.5	0.125	8	9	0.0
0.5	0.125	16	9	0.0
0.5	0.125	32	9	0.0
0.5	0.125	64	9	0.0
0.5	0.125	128	9	0.0
0.5	0.125	256	9	0.2
0.5	0.125	512	9	0.7
0.5	0.125	1024	9	0.8
0.5	0.125	2048	9	0.9
0.5	0.125	1536	9	0.9
0.5	0.125	1280	9	0.9
0.5	0.125	1152	9	0.7
0.5	0.125	1216	9	0.9
0.5	0.125	1184	9	1.0
0.5	0.125	1168	9	1.0
0.5	0.125	1160	9	0.9
0.5	0.125	1156	9	1.0
0.5	0.125	1154	9	0.9
0.5	0.125	1153	9	1.0
0.2	0.125	2	9	0.0
0.2	0.125	4	9	0.0
0.2	0.125	8	9	0.0
0.2	0.125	16	9	0.0
0.2	0.125	32	9	0.0
0.2	0.125	64	9	0.0
0.2	0.125	128	9	0.0
0.2	0.125	256	9	0.3
0.2	0.125	512	9	0.8
0.2	0.125	1024	9	0.9
0.2	0.125	768	9	1.0
0.2	0.125	640	9	0.9
0.2	0.125	576	9	0.8
0.2	0.125	608	9	0.7
0.2	0.125	624	9	1.0
0.2	0.125	616	9	0.5
0.2	0.125	620	9	0.9
0.2	0.125	618	9	0.9
0.2	0.125	617	9	0.9
0.1111111111111111	0.125	2	9	0.0
0.1111111111111111	0.125	4	9	0.0
0.1111111111111111	0.125	8	9	0.0
0.1111111111111111	0.125	16	9	0.0
0.1111111111111111	0.125	32	9	0.0
0.1111111111111111	0.125	64	9	0.0
0.1111111111111111	0.125	128	9	0.0
0.1111111111111111	0.125	256	9	0.3
0.1111111111111111	0.125	512	9	0.7
0.1111111111111111	0.125	1024	9	0.9
0.1111111111111111	0.125	768	9	0.9
0.1111111111111111	0.125	640	9	0.9
0.1111111111111111	0.125	576	9	0.9
0.1111111111111111	0.125	544	9	0.6
0.1111111111111111	0.125	560	9	0.9
0.1111111111111111	0.125	552	9	0.7
0.1111111111111111	0.125	556	9	0.8
0.1111111111111111	0.125	558	9	0.6
0.1111111111111111	0.125	559	9	0.8
0.07692307692307693	0.125	2	9	0.0
0.07692307692307693	0.125	4	9	0.0
0.07692307692307693	0.125	8	9	0.0
0.07692307692307693	0.125	16	9	0.0
0.07692307692307693	0.125	32	9	0.0
0.07692307692307693	0.125	64	9	0.0
0.07692307692307693	0.125	128	9	0.0
0.07692307692307693	0.125	256	9	0.7
0.07692307692307693	0.125	512	9	0.8
0.07692307692307693	0.125	1024	9	1.0
0.07692307692307693	0.125	768	9	0.8
0.07692307692307693	0.125	896	9	1.0
0.07692307692307693	0.125	832	9	1.0
0.07692307692307693	0.125	800	9	0.9
0.07692307692307693	0.125	784	9	1.0
0.07692307692307693	0.125	776	9	1.0
0.07692307692307693	0.125	772	9	1.0
0.07692307692307693	0.125	770	9	0.9
0.07692307692307693	0.125	769	9	0.9
0.05882352941176471	0.125	2	9	0.0
0.05882352941176471	0.125	4	9	0.0
0.05882352941176471	0.125	8	9	0.0
0.05882352941176471	0.125	16	9	0.0
0.05882352941176471	0.125	32	9	0.0
0.05882352941176471	0.125	64	9	0.0
0.05882352941176471	0.125	128	9	0.0
0.05882352941176471	0.125	256	9	0.3
0.05882352941176471	0.125	512	9	0.7
0.05882352941176471	0.125	1024	9	1.0
0.05882352941176471	0.125	768	9	0.8
0.05882352941176471	0.125	896	9	0.9
0.05882352941176471	0.125	832	9	0.9
0.05882352941176471	0.125	800	9	0.9
0.05882352941176471	0.125	784	9	0.9
0.05882352941176471	0.125	776	9	1.0
0.05882352941176471	0.125	772	9	1.0
0.05882352941176471	0.125	770	9	0.9
0.05882352941176471	0.125	769	9	1.0
0.047619047619047616	0.125	2	9	0.1
0.047619047619047616	0.125	4	9	0.0
0.047619047619047616	0.125	8	9	0.0
0.047619047619047616	0.125	16	9	0.0
0.047619047619047616	0.125	32	9	0.0
0.047619047619047616	0.125	64	9	0.0
0.047619047619047616	0.125	128	9	0.0
0.047619047619047616	0.125	256	9	0.4
0.047619047619047616	0.125	512	9	0.7
0.047619047619047616	0.125	1024	9	1.0
0.047619047619047616	0.125	768	9	1.0
0.047619047619047616	0.125	640	9	1.0
0.047619047619047616	0.125	576	9	0.7
0.047619047619047616	0.125	608	9	0.8
0.047619047619047616	0.125	624	9	1.0
0.047619047619047616	0.125	616	9	0.9
0.047619047619047616	0.125	612	9	0.9
0.047619047619047616	0.125	610	9	1.0
0.047619047619047616	0.125	609	9	0.8
0.04	0.125	2	9	0.0
0.04	0.125	4	9	0.0
0.04	0.125	8	9	0.0
0.04	0.125	16	9	0.0
0.04	0.125	32	9	0.0
0.04	0.125	64	9	0.0
0.04	0.125	128	9	0.0
0.04	0.125	256	9	0.4
0.04	0.125	512	9	0.9
0.04	0.125	384	9	0.6
0.04	0.125	448	9	0.5
0.04	0.125	480	9	0.9
0.04	0.125	464	9	0.9
0.04	0.125	456	9	1.0
0.04	0.125	452	9	0.8
0.04	0.125	454	9	0.9
0.04	0.125	453	9	1.0
0.03448275862068965	0.125	2	9	0.0
0.03448275862068965	0.125	4	9	0.0
0.03448275862068965	0.125	8	9	0.0
0.03448275862068965	0.125	16	9	0.0
0.03448275862068965	0.125	32	9	0.0
0.03448275862068965	0.125	64	9	0.0
0.03448275862068965	0.125	128	9	0.2
0.03448275862068965	0.125	256	9	0.3
0.03448275862068965	0.125	512	9	0.8
0.03448275862068965	0.125	1024	9	1.0
0.03448275862068965	0.125	768	9	1.0
0.03448275862068965	0.125	640	9	0.9
0.03448275862068965	0.125	576	9	1.0
0.03448275862068965	0.125	544	9	0.8
0.03448275862068965	0.125	560	9	0.9
0.03448275862068965	0.125	552	9	0.8
0.03448275862068965	0.125	556	9	1.0
0.03448275862068965	0.125	554	9	0.8
0.03448275862068965	0.125	555	9	0.9
0.030303030303030307	0.125	2	9	0.0
0.030303030303030307	0.125	4	9	0.0
0.030303030303030307	0.125	8	9	0.0
0.030303030303030307	0.125	16	9	0.0
0.030303030303030307	0.125	32	9	0.0
0.030303030303030307	0.125	64	9	0.0
0.030303030303030307	0.125	128	9	0.0
0.030303030303030307	0.125	256	9	0.2
0.030303030303030307	0.125	512	9	0.9
0.030303030303030307	0.125	384	9	0.5
0.030303030303030307	0.125	448	9	0.8
0.030303030303030307	0.125	480	9	0.6
0.030303030303030307	0.125	496	9	0.9
0.030303030303030307	0.125	488	9	0.8
0.030303030303030307	0.125	492	9	0.9
0.030303030303030307	0.125	490	9	0.9
0.030303030303030307	0.125	489	9	0.9
0.006666666666666667	0.125	2	9	0.0
0.006666666666666667	0.125	4	9	0.0
0.006666666666666667	0.125	8	9	0.0
0.006666666666666667	0.125	16	9	0.0
0.006666666666666667	0.125	32	9	0.0
0.006666666666666667	0.125	64	9	0.0
0.006666666666666667	0.125	128	9	0.1
0.006666666666666667	0.125	256	9	0.5
0.006666666666666667	0.125	512	9	0.9
0.006666666666666667	0.125	384	9	0.9
0.006666666666666667	0.125	320	9	0.4
0.006666666666666667	0.125	352	9	0.7
0.006666666666666667	0.125	368	9	0.4
0.006666666666666667	0.125	376	9	0.9
0.006666666666666667	0.125	372	9	0.9
0.006666666666666667	0.125	370	9	0.8
0.006666666666666667	0.125	371	9	0.9
0.0033333333333333327	0.125	2	9	0.0
0.0033333333333333327	0.125	4	9	0.0
0.0033333333333333327	0.125	8	9	0.0
0.0033333333333333327	0.125	16	9	0.0
0.0033333333333333327	0.125	32	9	0.0
0.0033333333333333327	0.125	64	9	0.0
0.0033333333333333327	0.125	128	9	0.0
0.0033333333333333327	0.125	256	9	0.5
0.0033333333333333327	0.125	512	9	0.9
0.0033333333333333327	0.125	384	9	0.9
0.0033333333333333327	0.125	320	9	0.6
0.0033333333333333327	0.125	352	9	0.5
0.0033333333333333327	0.125	368	9	0.7
0.0033333333333333327	0.125	376	9	0.4
0.0033333333333333327	0.125	380	9	0.5
0.0033333333333333327	0.125	382	9	0.8
0.0033333333333333327	0.125	383	9	0.8
1.0	0.16666666666666666	2	9	0.0
1.0	0.16666666666666666	4	9	0.0
1.0	0.16666666666666666	8	9	0.0
1.0	0.16666666666666666	16	9	0.0
1.0	0.16666666666666666	32	9	0.0
1.0	0.16666666666666666	64	9	0.0
1.0	0.16666666666666666	128	9	0.0
1.0	0.16666666666666666	256	9	0.0
1.0	0.16666666666666666	512	9	0.2
1.0	0.16666666666666666	1024	9	0.9
1.0	0.16666666666666666	768	9	0.4
1.0	0.16666666666666666	896	9	0.5
1.0	0.16666666666666666	960	9	0.4
1.0	0.16666666666666666	992	9	0.5
1.0	0.16666666666666666	1008	9	0.6
1.0	0.16666666666666666	1016	9	0.7
1.0	0.16666666666666666	1020	9	0.5
1.0	0.16666666666666666	1022	9	0.3
1.0	0.16666666666666666	1023	9	0.7
0.5	0.16666666666666666	2	9	0.0
0.5	0.16666666666666666	4	9	0.0
0.5	0.16666666666666666	8	9	0.0
0.5	0.16666666666666666	16	9	0.0
0.5	0.16666666666666666	32	9	0.0
0.5	0.16666666666666666	64	9	0.0
0.5	0.16666666666666666	128	9	0.0
0.5	0.16666666666666666	256	9	0.3
0.5	0.16666666666666666	512	9	0.5
0.5	0.16666666666666666	1024	9	0.7
0.5	0.16666666666666666	2048	9	1.0
0.5	0.16666666666666666	1536	9	1.0
0.5	0.16666666666666666	1280	9	0.9
0.5	0.16666666666666666	1152	9	0.8
0.5	0.16666666666666666	1216	9	0.9
0.5	0.16666666666666666	1184	9	1.0
0.5	0.16666666666666666	1168	9	0.9
0.5	0.16666666666666666	1160	9	0.9
0.5	0.16666666666666666	1156	9	0.8
0.5	0.16666666666666666	1158	9	0.7
0.5	0.16666666666666666	1159	9	1.0
0.2	0.16666666666666666	2	9	0.0
0.2	0.16666666666666666	4	9	0.0
0.2	0.16666666666666666	8	9	0.0
0.2	0.16666666666666666	16	9	0.0
0.2	0.16666666666666666	32	9	0.0
0.2	0.16666666666666666	64	9	0.0
0.2	0.16666666666666666	128	9	0.0
0.2	0.16666666666666666	256	9	0.2
0.2	0.16666666666666666	512	9	0.9
0.2	0.16666666666666666	384	9	0.6
0.2	0.16666666666666666	448	9	0.3
0.2	0.16666666666666666	480	9	0.7
0.2	0.16666666666666666	496	9	0.8
0.2	0.16666666666666666	504	9	1.0
0.2	0.16666666666666666	500	9	0.6
0.2	0.16666666666666666	502	9	0.8
0.2	0.16666666666666666	503	9	0.8
0.1111111111111111	0.16666666666666666	2	9	0.0
0.1111111111111111	0.16666666666666666	4	9	0.0
0.1111111111111111	0.16666666666666666	8	9	0.0
0.1111111111111111	0.16666666666666666	16	9	0.0
0.1111111111111111	0.16666666666666666	32	9	0.0
0.1111111111111111	0.16666666666666666	64	9	0.0
0.1111111111111111	0.16666666666666666	128	9	0.1
0.1111111111111111	0.16666666666666666	256	9	0.1
0.1111111111111111	0.16666666666666666	512	9	0.8
0.1111111111111111	0.16666666666666666	1024	9	1.0
0.1111111111111111	0.16666666666666666	768	9	1.0
0.1111111111111111	0.16666666666666666	640	9	1.0
0.1111111111111111	0.16666666666666666	576	9	1.0
0.1111111111111111	0.16666666666666666	544	9	0.8
0.1111111111111111	0.16666666666666666	560	9	0.9
0.1111111111111111	0.16666666666666666	552	9	0.9
0.1111111111111111	0.16666666666666666	548	9	0.9
0.1111111111111111	0.16666666666666666	546	9	0.6
0.1111111111111111	0.16666666666666666	547	9	1.0
0.07692307692307693	0.16666666666666666	2	9	0.0
0.07692307692307693	0.16666666666666666	4	9	0.0
0.07692307692307693	0.16666666666666666	8	9	0.0
0.07692307692307693	0.16666666666666666	16	9	0.0
0.07692307692307693	0.16666666666666666	32	9	0.0
0.07692307692307693	0.16666666666666666	64	9	0.0
0.07692307692307693	0.16666666666666666	128	9	0.0
0.07692307692307693	0.16666666666666666	256	9	0.5
0.07692307692307693	0.16666666666666666	512	9	1.0
0.07692307692307693	0.16666666666666666	384	9	0.8
0.07692307692307693	0.16666666666666666	448	9	0.8
0.07692307692307693	0.16666666666666666	480	9	1.0
0.07692307692307693	0.16666666666666666	464	9	0.7
0.07692307692307693	0.16666666666666666	472	9	0.7
0.07692307692307693	0.16666666666666666	476	9	0.8
0.07692307692307693	0.16666666666666666	478	9	0.8
0.07692307692307693	0.16666666666666666	479	9	0.7
0.05882352941176471	0.16666666666666666	2	9	0.0
0.05882352941176471	0.16666666666666666	4	9	0.0
0.05882352941176471	0.16666666666666666	8	9	0.0
0.05882352941176471	0.16666666666666666	16	9	0.0
0.05882352941176471	0.16666666666666666	32	9	0.0
0.05882352941176471	0.16666666666666666	64	9	0.0
0.05882352941176471	0.16666666666666666	128	9	0.0
0.05882352941176471	0.16666666666666666	256	9	0.4
0.05882352941176471	0.16666666666666666	512	9	0.8
0.05882352941176471	0.16666666666666666	1024	9	1.0
0.05882352941176471	0.16666666666666666	768	9	1.0
0.05882352941176471	0.16666666666666666	640	9	1.0
0.05882352941176471	0.16666666666666666	576	9	0.9
0.05882352941176471	0.16666666666666666	544	9	0.9
0.05882352941176471	0.16666666666666666	528	9	0.8
0.05882352941176471	0.16666666666666666	536	9	0.9
0.05882352941176471	0.16666666666666666	532	9	1.0
0.05882352941176471	0.16666666666666666	530	9	0.9
0.05882352941176471	0.16666666666666666	529	9	1.0
0.047619047619047616	0.16666666666666666	2	9	0.0
0.047619047619047616	0.16666666666666666	4	9	0.0
0.047619047619047616	0.16666666666666666	8	9	0.0
0.047619047619047616	0.16666666666666666	16	9	0.0
0.047619047619047616	0.16666666666666666	32	9	0.0
0.047619047619047616	0.16666666666666666	64	9	0.0
0.047619047619047616	0.16666666666666666	128	9	0.0
0.047619047619047616	0.16666666666666666	256	9	0.4
0.047619047619047616	0.16666666666666666	512	9	1.0
0.047619047619047616	0.16666666666666666	384	9	0.8
0.047619047619047616	0.16666666666666666	448	9	1.0
0.047619047619047616	0.16666666666666666	416	9	1.0
0.047619047619047616	0.16666666666666666	400	9	0.9
0.047619047619047616	0.16666666666666666	392	9	0.8
0.047619047619047616	0.16666666666666666	396	9	0.9
0.047619047619047616	0.16666666666666666	394	9	0.7
0.047619047619047616	0.16666666666666666	395	9	0.9
0.04	0.16666666666666666	2	9	0.0
0.04	0.16666666666666666	4	9	0.0
0.04	0.16666666666666666	8	9	0.0
0.04	0.16666666666666666	16	9	0.0
0.04	0.16666666666666666	32	9	0.0
0.04	0.16666666666666666	64	9	0.0
0.04	0.16666666666666666	128	9	0.1
0.04	0.16666666666666666	256	9	0.6
0.04	0.16666666666666666	512	9	1.0
0.04	0.16666666666666666	384	9	0.7
0.04	0.16666666666666666	448	9	0.6
0.04	0.16666666666666666	480	9	0.9
0.04	0.16666666666666666	464	9	0.8
0.04	0.16666666666666666	472	9	1.0
0.04	0.16666666666666666	468	9	1.0
0.04	0.16666666666666666	466	9	1.0
0.04	0.16666666666666666	465	9	0.8
0.03448275862068965	0.16666666666666666	2	9	0.0
0.03448275862068965	0.16666666666666666	4	9	0.0
0.03448275862068965	0.16666666666666666	8	9	0.0
0.03448275862068965	0.16666666666666666	16	9	0.0
0.03448275862068965	0.16666666666666666	32	9	0.0
0.03448275862068965	0.16666666666666666	64	9	0.0
0.03448275862068965	0.16666666666666666	128	9	0.2
0.03448275862068965	0.16666666666666666	256	9	0.4
0.03448275862068965	0.16666666666666666	512	9	0.8
0.03448275862068965	0.16666666666666666	1024	9	1.0
0.03448275862068965	0.16666666666666666	768	9	0.9
0.03448275862068965	0.16666666666666666	640	9	1.0
0.03448275862068965	0.16666666666666666	576	9	1.0
0.03448275862068965	0.16666666666666666	544	9	1.0
0.03448275862068965	0.16666666666666666	528	9	0.8
0.03448275862068965	0.16666666666666666	536	9	0.8
0.03448275862068965	0.16666666666666666	540	9	0.9
0.03448275862068965	0.16666666666666666	538	9	0.8
0.03448275862068965	0.16666666666666666	539	9	1.0
0.030303030303030307	0.16666666666666666	2	9	0.0
0.030303030303030307	0.16666666666666666	4	9	0.0
0.030303030303030307	0.16666666666666666	8	9	0.0
0.030303030303030307	0.16666666666666666	16	9	0.0
0.030303030303030307	0.16666666666666666	32	9	0.0
0.030303030303030307	0.16666666666666666	64	9	0.0
0.030303030303030307	0.16666666666666666	128	9	0.0
0.030303030303030307	0.16666666666666666	256	9	0.6
0.030303030303030307	0.16666666666666666	512	9	1.0
0.030303030303030307	0.16666666666666666	384	9	0.9
0.030303030303030307	0.16666666666666666	320	9	0.7
0.030303030303030307	0.16666666666666666	352	9	0.9
0.030303030303030307	0.16666666666666666	336	9	0.6
0.030303030303030307	0.16666666666666666	344	9	0.8
0.030303030303030307	0.16666666666666666	348	9	0.8
0.030303030303030307	0.16666666666666666	350	9	0.5
0.030303030303030307	0.16666666666666666	351	9	0.8
0.006666666666666667	0.16666666666666666	2	9	0.0
0.006666666666666667	0.16666666666666666	4	9	0.0
0.006666666666666667	0.16666666666666666	8	9	0.0
0.006666666666666667	0.16666666666666666	16	9	0.0
0.006666666666666667	0.16666666666666666	32	9	0.0
0.006666666666666667	0.16666666666666666	64	9	0.0
0.006666666666666667	0.16666666666666666	128	9	0.3
0.006666666666666667	0.16666666666666666	256	9	0.4
0.006666666666666667	0.16666666666666666	512	9	1.0
0.006666666666666667	0.16666666666666666	384	9	0.9
0.006666666666666667	0.16666666666666666	320	9	0.7
0.006666666666666667	0.16666666666666666	352	9	0.7
0.006666666666666667	0.16666666666666666	368	9	0.8
0.006666666666666667	0.16666666666666666	376	9	1.0
0.006666666666666667	0.16666666666666666	372	9	0.8
0.006666666666666667	0.16666666666666666	374	9	1.0
0.006666666666666667	0.16666666666666666	373	9	0.8
0.0033333333333333327	0.16666666666666666	2	9	0.0
0.0033333333333333327	0.16666666666666666	4	9	0.0
0.0033333333333333327	0.16666666666666666	8	9	0.0
0.0033333333333333327	0.16666666666666666	16	9	0.0
0.0033333333333333327	0.16666666666666666	32	9	0.0
0.0033333333333333327	0.16666666666666666	64	9	0.0
0.0033333333333333327	0.16666666666666666	128	9	0.2
0.0033333333333333327	0.16666666666666666	256	9	0.7
0.0033333333333333327	0.16666666666666666	512	9	0.9
0.0033333333333333327	0.16666666666666666	384	9	1.0
0.0033333333333333327	0.16666666666666666	320	9	1.0
0.0033333333333333327	0.16666666666666666	288	9	0.5
0.0033333333333333327	0.16666666666666666	304	9	0.9
0.0033333333333333327	0.16666666666666666	296	9	0.9
0.0033333333333333327	0.16666666666666666	292	9	0.8
0.0033333333333333327	0.16666666666666666	294	9	0.7
0.0033333333333333327	0.16666666666666666	295	9	0.8
1.0	0.25	2	9	0.0
1.0	0.25	4	9	0.0
1.0	0.25	8	9	0.0
1.0	0.25	16	9	0.0
1.0	0.25	32	9	0.0
1.0	0.25	64	9	0.0
1.0	0.25	128	9	0.0
1.0	0.25	256	9	0.0
1.0	0.25	512	9	0.2
1.0	0.25	1024	9	0.7
1.0	0.25	2048	9	1.0
1.0	0.25	1536	9	0.9
1.0	0.25	1280	9	0.8
1.0	0.25	1408	9	0.8
1.0	0.25	1472	9	0.8
1.0	0.25	1504	9	1.0
1.0	0.25	1488	9	0.9
1.0	0.25	1480	9	0.6
1.0	0.25	1484	9	0.7
1.0	0.25	1486	9	1.0
1.0	0.25	1485	9	0.8
0.5	0.25	2	9	0.0
0.5	0.25	4	9	0.0
0.5	0.25	8	9	0.0
0.5	0.25	16	9	0.0
0.5	0.25	32	9	0.0
0.5	0.25	64	9	0.0
0.5	0.25	128	9	0.0
0.5	0.25	256	9	0.2
0.5	0.25	512	9	0.9
0.5	0.25	384	9	0.3
0.5	0.25	448	9	0.5
0.5	0.25	480	9	0.5
0.5	0.25	496	9	0.7
0.5	0.25	504	9	0.6
0.5	0.25	508	9	0.5
0.5	0.25	510	9	0.4
0.5	0.25	511	9	0.6
0.2	0.25	2	9	0.0
0.2	0.25	4	9	0.0
0.2	0.25	8	9	0.0
0.2	0.25	16	9	0.0
0.2	0.25	32	9	0.0
0.2	0.25	64	9	0.0
0.2	0.25	128	9	0.0
0.2	0.25	256	9	0.5
0.2	0.25	512	9	0.9
0.2	0.25	384	9	0.6
0.2	0.25	448	9	1.0
0.2	0.25	416	9	0.8
0.2	0.25	432	9	0.9
0.2	0.25	424	9	0.9
0.2	0.25	420	9	0.9
0.2	0.25	418	9	0.9
0.2	0.25	417	9	0.9
0.1111111111111111	0.25	2	9	0.0
0.1111111111111111	0.25	4	9	0.0
0.1111111111111111	0.25	8	9	0.0
0.1111111111111111	0.25	16	9	0.0
0.1111111111111111	0.25	32	9	0.0
0.1111111111111111	0.25	64	9	0.1
0.1111111111111111	0.25	128	9	0.3
0.1111111111111111	0.25	256	9	0.8
0.1111111111111111	0.25	512	9	1.0
0.1111111111111111	0.25	384	9	0.9
0.1111111111111111	0.25	320	9	1.0
0.1111111111111111	0.25	288	9	0.9
0.1111111111111111	0.25	272	9	0.6
0.1111111111111111	0.25	280	9	0.9
0.1111111111111111	0.25	276	9	0.6
0.1111111111111111	0.25	278	9	0.7
0.1111111111111111	0.25	279	9	0.9
0.07692307692307693	0.25	2	9	0.0
0.07692307692307693	0.25	4	9	0.0
0.07692307692307693	0.25	8	9	0.0
0.07692307692307693	0.25	16	9	0.0
0.07692307692307693	0.25	32	9	0.0
0.07692307692307693	0.25	64	9	0.0
0.07692307692307693	0.25	128	9	0.3
0.07692307692307693	0.25	256	9	0.9
0.07692307692307693	0.25	192	9	0.2
0.07692307692307693	0.25	224	9	0.6
0.07692307692307693	0.25	240	9	0.5
0.07692307692307693	0.25	248	9	0.4
0.07692307692307693	0.25	252	9	0.6
0.07692307692307693	0.25	254	9	0.8
0.07692307692307693	0.25	255	9	0.8
0.05882352941176471	0.25	2	9	0.0
0.05882352941176471	0.25	4	9	0.0
0.05882352941176471	0.25	8	9	0.0
0.05882352941176471	0.25	16	9	0.0
0.05882352941176471	0.25	32	9	0.0
0.05882352941176471	0.25	64	9	0.0
0.05882352941176471	0.25	128	9	0.5
0.05882352941176471	0.25	256	9	0.6
0.05882352941176471	0.25	512	9	0.9
0.05882352941176471	0.25	384	9	0.8
0.05882352941176471	0.25	448	9	1.0
0.05882352941176471	0.25	416	9	0.8
0.05882352941176471	0.25	432	9	0.8
0.05882352941176471	0.25	440	9	0.8
0.05882352941176471	0.25	444	9	1.0
0.05882352941176471	0.25	442	9	1.0
0.05882352941176471	0.25	441	9	1.0
0.047619047619047616	0.25	2	9	0.0
0.047619047619047616	0.25	4	9	0.0
0.047619047619047616	0.25	8	9	0.0
0.047619047619047616	0.25	16	9	0.0
0.047619047619047616	0.25	32	9	0.0
0.047619047619047616	0.25	64	9	0.0
0.047619047619047616	0.25	128	9	0.4
0.047619047619047616	0.25	256	9	0.7
0.047619047619047616	0.25	512	9	0.9
0.047619047619047616	0.25	384	9	1.0
0.047619047619047616	0.25	320	9	1.0
0.047619047619047616	0.25	288	9	0.8
0.047619047619047616	0.25	304	9	0.7
0.047619047619047616	0.25	312	9	0.8
0.047619047619047616	0.25	316	9	0.9
0.047619047619047616	0.25	314	9	0.8
0.047619047619047616	0.25	315	9	0.9
0.04	0.25	2	9	0.0
0.04	0.25	4	9	0.0
0.04	0.25	8	9	0.0
0.04	0.25	16	9	0.0
0.04	0.25	32	9	0.0
0.04	0.25	64	9	0.0
0.04	0.25	128	9	0.0
0.04	0.25	256	9	1.0
0.04	0.25	192	9	0.5
0.04	0.25	224	9	0.5
0.04	0.25	240	9	0.8
0.04	0.25	248	9	0.8
0.04	0.25	252	9	0.9
0.04	0.25	250	9	0.8
0.04	0.25	251	9	0.8
0.03448275862068965	0.25	2	9	0.0
0.03448275862068965	0.25	4	9	0.0
0.03448275862068965	0.25	8	9	0.0
0.03448275862068965	0.25	16	9	0.0
0.03448275862068965	0.25	32	9	0.0
0.03448275862068965	0.25	64	9	0.0
0.03448275862068965	0.25	128	9	0.1
0.03448275862068965	0.25	256	9	0.7
0.03448275862068965	0.25	512	9	1.0
0.03448275862068965	0.25	384	9	0.8
0.03448275862068965	0.25	448	9	1.0
0.03448275862068965	0.25	416	9	0.9
0.03448275862068965	0.25	400	9	1.0
0.03448275862068965	0.25	392	9	0.8
0.03448275862068965	0.25	396	9	0.8
0.03448275862068965	0.25	398	9	1.0
0.03448275862068965	0.25	397	9	0.9
0.030303030303030307	0.25	2	9	0.0
0.030303030303030307	0.25	4	9	0.0
0.030303030303030307	0.25	8	9	0.0
0.030303030303030307	0.25	16	9	0.0
0.030303030303030307	0.25	32	9	0.0
0.030303030303030307	0.25	64	9	0.0
0.030303030303030307	0.25	128	9	0.2
0.030303030303030307	0.25	256	9	1.0
0.030303030303030307	0.25	192	9	0.5
0.030303030303030307	0.25	224	9	0.8
0.030303030303030307	0.25	240	9	0.8
0.030303030303030307	0.25	248	9	0.6
0.030303030303030307	0.25	252	9	0.9
0.030303030303030307	0.25	250	9	0.7
0.030303030303030307	0.25	251	9	1.0
0.006666666666666667	0.25	2	9	0.0
0.006666666666666667	0.25	4	9	0.0
0.006666666666666667	0.25	8	9	0.0
0.006666666666666667	0.25	16	9	0.0
0.006666666666666667	0.25	32	9	0.0
0.006666666666666667	0.25	64	9	0.0
0.006666666666666667	0.25	128	9	0.5
0.006666666666666667	0.25	256	9	0.9
0.006666666666666667	0.25	192	9	0.5
0.006666666666666667	0.25	224	9	0.8
0.006666666666666667	0.25	240	9	0.9
0.006666666666666667	0.25	232	9	0.7
0.006666666666666667	0.25	236	9	0.7
0.006666666666666667	0.25	238	9	0.6
0.006666666666666667	0.25	239	9	0.9
0.0033333333333333327	0.25	2	9	0.0
0.0033333333333333327	0.25	4	9	0.0
0.0033333333333333327	0.25	8	9	0.0
0.0033333333333333327	0.25	16	9	0.0
0.0033333333333333327	0.25	32	9	0.0
0.0033333333333333327	0.25	64	9	0.0
0.0033333333333333327	0.25	128	9	0.3
0.0033333333333333327	0.25	256	9	0.8
0.0033333333333333327	0.25	512	9	1.0
0.0033333333333333327	0.25	384	9	1.0
0.0033333333333333327	0.25	320	9	0.9
0.0033333333333333327	0.25	288	9	0.8
0.0033333333333333327	0.25	304	9	0.9
0.0033333333333333327	0.25	296	9	0.8
0.0033333333333333327	0.25	300	9	1.0
0.0033333333333333327	0.25	298	9	1.0
0.0033333333333333327	0.25	297	9	0.9
1.0	0.5	2	9	0.0
1.0	0.5	4	9	0.0
1.0	0.5	8	9	0.0
1.0	0.5	16	9	0.0
1.0	0.5	32	9	0.0
1.0	0.5	64	9	0.0
1.0	0.5	128	9	0.0
1.0	0.5	256	9	0.0
1.0	0.5	512	9	0.0
1.0	0.5	1024	9	0.5
1.0	0.5	2048	9	1.0
1.0	0.5	1536	9	0.6
1.0	0.5	1792	9	0.7
1.0	0.5	1920	9	0.8
1.0	0.5	1984	9	1.0
1.0	0.5	1952	9	0.6
1.0	0.5	1968	9	0.8
1.0	0.5	1976	9	0.8
1.0	0.5	1980	9	0.7
1.0	0.5	1982	9	0.8
1.0	0.5	1983	9	0.8
0.5	0.5	2	9	0.0
0.5	0.5	4	9	0.0
0.5	0.5	8	9	0.0
0.5	0.5	16	9	0.0
0.5	0.5	32	9	0.0
0.5	0.5	64	9	0.0
0.5	0.5	128	9	0.0
0.5	0.5	256	9	0.0
0.5	0.5	512	9	0.5
0.5	0.5	1024	9	1.0
0.5	0.5	768	9	1.0
0.5	0.5	640	9	0.6
0.5	0.5	704	9	0.9
0.5	0.5	672	9	1.0
0.5	0.5	656	9	0.7
0.5	0.5	664	9	0.7
0.5	0.5	668	9	0.9
0.5	0.5	666	9	0.8
0.5	0.5	667	9	0.9
0.2	0.5	2	9	0.0
0.2	0.5	4	9	0.0
0.2	0.5	8	9	0.0
0.2	0.5	16	9	0.0
0.2	0.5	32	9	0.0
0.2	0.5	64	9	0.1
0.2	0.5	128	9	0.3
0.2	0.5	256	9	0.7
0.2	0.5	512	9	0.9
0.2	0.5	384	9	1.0
0.2	0.5	320	9	1.0
0.2	0.5	288	9	0.7
0.2	0.5	304	9	1.0
0.2	0.5	296	9	0.8
0.2	0.5	300	9	0.8
0.2	0.5	302	9	0.9
0.2	0.5	301	9	0.7
0.1111111111111111	0.5	2	9	0.0
0.1111111111111111	0.5	4	9	0.0
0.1111111111111111	0.5	8	9	0.0
0.1111111111111111	0.5	16	9	0.0
0.1111111111111111	0.5	32	9	0.0
0.1111111111111111	0.5	64	9	0.0
0.1111111111111111	0.5	128	9	0.2
0.1111111111111111	0.5	256	9	0.9
0.1111111111111111	0.5	192	9	0.7
0.1111111111111111	0.5	224	9	0.7
0.1111111111111111	0.5	240	9	0.9
0.1111111111111111	0.5	232	9	0.7
0.1111111111111111	0.5	236	9	1.0
0.1111111111111111	0.5	234	9	0.8
0.1111111111111111	0.5	235	9	0.7
0.07692307692307693	0.5	2	9	0.0
0.07692307692307693	0.5	4	9	0.0
0.07692307692307693	0.5	8	9	0.0
0.07692307692307693	0.5	16	9	0.0
0.07692307692307693	0.5	32	9	0.0
0.07692307692307693	0.5	64	9	0.1
0.07692307692307693	0.5	128	9	0.7
0.07692307692307693	0.5	256	9	0.9
0.07692307692307693	0.5	192	9	0.7
0.07692307692307693	0.5	224	9	0.8
0.07692307692307693	0.5	240	9	1.0
0.07692307692307693	0.5	232	9	0.9
0.07692307692307693	0.5	228	9	1.0
0.07692307692307693	0.5	226	9	0.8
0.07692307692307693	0.5	227	9	0.7
0.05882352941176471	0.5	2	9	0.0
0.05882352941176471	0.5	4	9	0.0
0.05882352941176471	0.5	8	9	0.0
0.05882352941176471	0.5	16	9	0.0
0.05882352941176471	0.5	32	9	0.0
0.05882352941176471	0.5	64	9	0.2
0.05882352941176471	0.5	128	9	0.7
0.05882352941176471	0.5	256	9	1.0
0.05882352941176471	0.5	192	9	0.9
0.05882352941176471	0.5	160	9	0.7
0.05882352941176471	0.5	176	9	0.8
0.05882352941176471	0.5	184	9	0.8
0.05882352941176471	0.5	188	9	0.8
0.05882352941176471	0.5	190	9	0.8
0.05882352941176471	0.5	191	9	0.8
0.047619047619047616	0.5	2	9	0.0
0.047619047619047616	0.5	4	9	0.0
0.047619047619047616	0.5	8	9	0.0
0.047619047619047616	0.5	16	9	0.0
0.047619047619047616	0.5	32	9	0.0
0.047619047619047616	0.5	64	9	0.0
0.047619047619047616	0.5	128	9	0.6
0.047619047619047616	0.5	256	9	1.0
0.047619047619047616	0.5	192	9	0.9
0.047619047619047616	0.5	160	9	0.8
0.047619047619047616	0.5	176	9	0.8
0.047619047619047616	0.5	184	9	0.9
0.047619047619047616	0.5	180	9	0.9
0.047619047619047616	0.5	178	9	1.0
0.047619047619047616	0.5	177	9	0.7
0.04	0.5	2	9	0.0
0.04	0.5	4	9	0.0
0.04	0.5	8	9	0.0
0.04	0.5	16	9	0.0
0.04	0.5	32	9	0.0
0.04	0.5	64	9	0.2
0.04	0.5	128	9	0.5
0.04	0.5	256	9	0.9
0.04	0.5	192	9	0.8
0.04	0.5	224	9	1.0
0.04	0.5	208	9	1.0
0.04	0.5	200	9	0.9
0.04	0.5	196	9	0.9
0.04	0.5	194	9	0.8
0.04	0.5	195	9	0.9
0.03448275862068965	0.5	2	9	0.0
0.03448275862068965	0.5	4	9	0.0
0.03448275862068965	0.5	8	9	0.0
0.03448275862068965	0.5	16	9	0.0
0.03448275862068965	0.5	32	9	0.0
0.03448275862068965	0.5	64	9	0.0
0.03448275862068965	0.5	128	9	0.8
0.03448275862068965	0.5	256	9	1.0
0.03448275862068965	0.5	192	9	0.6
0.03448275862068965	0.5	224	9	1.0
0.03448275862068965	0.5	208	9	1.0
0.03448275862068965	0.5	200	9	0.8
0.03448275862068965	0.5	204	9	1.0
0.03448275862068965	0.5	202	9	0.8
0.03448275862068965	0.5	203	9	1.0
0.030303030303030307	0.5	2	9	0.0
0.030303030303030307	0.5	4	9	0.0
0.030303030303030307	0.5	8	9	0.0
0.030303030303030307	0.5	16	9	0.0
0.030303030303030307	0.5	32	9	0.0
0.030303030303030307	0.5	64	9	0.2
0.030303030303030307	0.5	128	9	0.7
0.030303030303030307	0.5	256	9	1.0
0.030303030303030307	0.5	192	9	0.7
0.030303030303030307	0.5	224	9	1.0
0.030303030303030307	0.5	208	9	1.0
0.030303030303030307	0.5	200	9	1.0
0.030303030303030307	0.5	196	9	0.8
0.030303030303030307	0.5	198	9	0.9
0.030303030303030307	0.5	197	9	1.0
0.006666666666666667	0.5	2	9	0.0
0.006666666666666667	0.5	4	9	0.0
0.006666666666666667	0.5	8	9	0.0
0.006666666666666667	0.5	16	9	0.0
0.006666666666666667	0.5	32	9	0.0
0.006666666666666667	0.5	64	9	0.2
0.006666666666666667	0.5	128	9	0.6
0.006666666666666667	0.5	256	9	1.0
0.006666666666666667	0.5	192	9	1.0
0.006666666666666667	0.5	160	9	1.0
0.006666666666666667	0.5	144	9	0.8
0.006666666666666667	0.5	152	9	1.0
0.006666666666666667	0.5	148	9	1.0
0.006666666666666667	0.5	146	9	1.0
0.006666666666666667	0.5	145	9	0.8
0.0033333333333333327	0.5	2	9	0.0
0.0033333333333333327	0.5	4	9	0.0
0.0033333333333333327	0.5	8	9	0.0
0.0033333333333333327	0.5	16	9	0.0
0.0033333333333333327	0.5	32	9	0.1
0.0033333333333333327	0.5	64	9	0.3
0.0033333333333333327	0.5	128	9	0.4
0.0033333333333333327	0.5	256	9	0.9
0.0033333333333333327	0.5	192	9	0.9
0.0033333333333333327	0.5	160	9	0.9
0.0033333333333333327	0.5	144	9	0.8
0.0033333333333333327	0.5	152	9	1.0
0.0033333333333333327	0.5	148	9	0.9
0.0033333333333333327	0.5	146	9	0.7
0.0033333333333333327	0.5	147	9	0.9
1.0	1.0	2	9	0.0
1.0	1.0	4	9	0.0
1.0	1.0	8	9	0.0
1.0	1.0	16	9	0.0
1.0	1.0	32	9	0.0
1.0	1.0	64	9	0.0
1.0	1.0	128	9	0.0
1.0	1.0	256	9	0.0
1.0	1.0	512	9	0.0
1.0	1.0	1024	9	0.3
1.0	1.0	2048	9	0.5
1.0	1.0	4096	9	0.9
1.0	1.0	3072	9	0.5
1.0	1.0	3584	9	0.8
1.0	1.0	3840	9	0.6
1.0	1.0	3968	9	0.9
1.0	1.0	3904	9	0.9
1.0	1.0	3872	9	0.8
1.0	1.0	3888	9	0.9
1.0	1.0	3880	9	0.7
1.0	1.0	3884	9	0.9
1.0	1.0	3882	9	0.9
1.0	1.0	3881	9	0.9
0.5	1.0	2	9	0.0
0.5	1.0	4	9	0.0
0.5	1.0	8	9	0.0
0.5	1.0	16	9	0.0
0.5	1.0	32	9	0.0
0.5	1.0	64	9	0.0
0.5	1.0	128	9	0.1
0.5	1.0	256	9	0.5
0.5	1.0	512	9	0.9
0.5	1.0	384	9	0.6
0.5	1.0	448	9	0.7
0.5	1.0	480	9	0.9
0.5	1.0	464	9	0.4
0.5	1.0	472	9	0.5
0.5	1.0	476	9	0.9
0.5	1.0	474	9	0.8
0.5	1.0	475	9	0.6
0.2	1.0	2	9	0.0
0.2	1.0	4	9	0.0
0.2	1.0	8	9	0.0
0.2	1.0	16	9	0.0
0.2	1.0	32	9	0.0
0.2	1.0	64	9	0.0
0.2	1.0	128	9	0.4
0.2	1.0	256	9	0.6
0.2	1.0	512	9	1.0
0.2	1.0	384	9	1.0
0.2	1.0	320	9	1.0
0.2	1.0	288	9	1.0
0.2	1.0	272	9	0.8
0.2	1.0	280	9	1.0
0.2	1.0	276	9	1.0
0.2	1.0	274	9	0.9
0.2	1.0	273	9	0.9
0.1111111111111111	1.0	2	9	0.0
0.1111111111111111	1.0	4	9	0.0
0.1111111111111111	1.0	8	9	0.0
0.1111111111111111	1.0	16	9	0.0
0.1111111111111111	1.0	32	9	0.0
0.1111111111111111	1.0	64	9	0.2
0.1111111111111111	1.0	128	9	0.7
0.1111111111111111	1.0	256	9	0.9
0.1111111111111111	1.0	192	9	0.9
0.1111111111111111	1.0	160	9	0.8
0.1111111111111111	1.0	176	9	0.8
0.1111111111111111	1.0	184	9	0.6
0.1111111111111111	1.0	188	9	1.0
0.1111111111111111	1.0	186	9	0.9
0.1111111111111111	1.0	185	9	1.0
0.07692307692307693	1.0	2	9	0.0
0.07692307692307693	1.0	4	9	0.0
0.07692307692307693	1.0	8	9	0.0
0.07692307692307693	1.0	16	9	0.0
0.07692307692307693	1.0	32	9	0.0
0.07692307692307693	1.0	64	9	0.2
0.07692307692307693	1.0	128	9	1.0
0.07692307692307693	1.0	96	9	0.5
0.07692307692307693	1.0	112	9	0.7
0.07692307692307693	1.0	120	9	0.8
0.07692307692307693	1.0	124	9	0.9
0.07692307692307693	1.0	122	9	0.9
0.07692307692307693	1.0	121	9	0.8
0.05882352941176471	1.0	2	9	0.0
0.05882352941176471	1.0	4	9	0.0
0.05882352941176471	1.0	8	9	0.0
0.05882352941176471	1.0	16	9	0.0
0.05882352941176471	1.0	32	9	0.0
0.05882352941176471	1.0	64	9	0.4
0.05882352941176471	1.0	128	9	0.9
0.05882352941176471	1.0	96	9	0.8
0.05882352941176471	1.0	112	9	0.7
0.05882352941176471	1.0	120	9	0.5
0.05882352941176471	1.0	124	9	0.8
0.05882352941176471	1.0	126	9	0.8
0.05882352941176471	1.0	127	9	0.9
0.047619047619047616	1.0	2	9	0.0
0.047619047619047616	1.0	4	9	0.0
0.047619047619047616	1.0	8	9	0.0
0.047619047619047616	1.0	16	9	0.0
0.047619047619047616	1.0	32	9	0.0
0.047619047619047616	1.0	64	9	0.6
0.047619047619047616	1.0	128	9	0.8
0.047619047619047616	1.0	256	9	1.0
0.047619047619047616	1.0	192	9	1.0
0.047619047619047616	1.0	160	9	1.0
0.047619047619047616	1.0	144	9	0.7
0.047619047619047616	1.0	152	9	0.9
0.047619047619047616	1.0	148	9	0.8
0.047619047619047616	1.0	150	9	1.0
0.047619047619047616	1.0	149	9	0.8
0.04	1.0	2	9	0.0
0.04	1.0	4	9	0.0
0.04	1.0	8	9	0.0
0.04	1.0	16	9	0.0
0.04	1.0	32	9	0.0
0.04	1.0	64	9	0.6
0.04	1.0	128	9	0.9
0.04	1.0	96	9	0.4
0.04	1.0	112	9	0.9
0.04	1.0	104	9	0.7
0.04	1.0	108	9	0.7
0.04	1.0	110	9	1.0
0.04	1.0	109	9	0.8
0.03448275862068965	1.0	2	9	0.0
0.03448275862068965	1.0	4	9	0.0
0.03448275862068965	1.0	8	9	0.0
0.03448275862068965	1.0	16	9	0.0
0.03448275862068965	1.0	32	9	0.0
0.03448275862068965	1.0	64	9	0.7
0.03448275862068965	1.0	128	9	0.9
0.03448275862068965	1.0	96	9	0.8
0.03448275862068965	1.0	112	9	0.7
0.03448275862068965	1.0	120	9	0.6
0.03448275862068965	1.0	124	9	1.0
0.03448275862068965	1.0	122	9	1.0
0.03448275862068965	1.0	121	9	1.0
0.030303030303030307	1.0	2	9	0.0
0.030303030303030307	1.0	4	9	0.0
0.030303030303030307	1.0	8	9	0.0
0.030303030303030307	1.0	16	9	0.0
0.030303030303030307	1.0	32	9	0.0
0.030303030303030307	1.0	64	9	0.4
0.030303030303030307	1.0	128	9	0.8
0.030303030303030307	1.0	256	9	1.0
0.030303030303030307	1.0	192	9	0.9
0.030303030303030307	1.0	160	9	0.9
0.030303030303030307	1.0	144	9	0.9
0.030303030303030307	1.0	136	9	0.9
0.030303030303030307	1.0	132	9	0.9
0.030303030303030307	1.0	130	9	0.9
0.030303030303030307	1.0	129	9	1.0
0.006666666666666667	1.0	2	9	0.0
0.006666666666666667	1.0	4	9	0.0
0.006666666666666667	1.0	8	9	0.0
0.006666666666666667	1.0	16	9	0.0
0.006666666666666667	1.0	32	9	0.1
0.006666666666666667	1.0	64	9	0.7
0.006666666666666667	1.0	128	9	1.0
0.006666666666666667	1.0	96	9	0.8
0.006666666666666667	1.0	112	9	0.8
0.006666666666666667	1.0	120	9	0.9
0.006666666666666667	1.0	116	9	1.0
0.006666666666666667	1.0	114	9	0.8
0.006666666666666667	1.0	115	9	1.0
0.0033333333333333327	1.0	2	9	0.0
0.0033333333333333327	1.0	4	9	0.0
0.0033333333333333327	1.0	8	9	0.0
0.0033333333333333327	1.0	16	9	0.0
0.0033333333333333327	1.0	32	9	0.0
0.0033333333333333327	1.0	64	9	0.8
0.0033333333333333327	1.0	128	9	0.9
0.0033333333333333327	1.0	96	9	0.6
0.0033333333333333327	1.0	112	9	0.9
0.0033333333333333327	1.0	104	9	1.0
0.0033333333333333327	1.0	100	9	1.0
0.0033333333333333327	1.0	98	9	0.9
0.0033333333333333327	1.0	97	9	0.9
1.0	2.0	2	9	0.0
1.0	2.0	4	9	0.0
1.0	2.0	8	9	0.0
1.0	2.0	16	9	0.0
1.0	2.0	32	9	0.0
1.0	2.0	64	9	0.0
1.0	2.0	128	9	0.0
1.0	2.0	256	9	0.0
1.0	2.0	512	9	0.0
1.0	2.0	1024	9	0.0
1.0	2.0	2048	9	0.1
1.0	2.0	4096	9	0.1
0.5	2.0	2	9	0.0
0.5	2.0	4	9	0.0
0.5	2.0	8	9	0.0
0.5	2.0	16	9	0.0
0.5	2.0	32	9	0.0
0.5	2.0	64	9	0.0
0.5	2.0	128	9	0.0
0.5	2.0	256	9	0.4
0.5	2.0	512	9	0.9
0.5	2.0	384	9	0.4
0.5	2.0	448	9	0.5
0.5	2.0	480	9	0.9
0.5	2.0	464	9	0.7
0.5	2.0	472	9	0.5
0.5	2.0	476	9	0.5
0.5	2.0	478	9	0.8
0.5	2.0	479	9	0.9
0.2	2.0	2	9	0.0
0.2	2.0	4	9	0.0
0.2	2.0	8	9	0.0
0.2	2.0	16	9	0.0
0.2	2.0	32	9	0.0
0.2	2.0	64	9	0.1
0.2	2.0	128	9	0.4
0.2	2.0	256	9	1.0
0.2	2.0	192	9	0.9
0.2	2.0	160	9	0.8
0.2	2.0	176	9	0.8
0.2	2.0	184	9	0.8
0.2	2.0	188	9	0.9
0.2	2.0	186	9	0.8
0.2	2.0	187	9	0.7
0.1111111111111111	2.0	2	9	0.0
0.1111111111111111	2.0	4	9	0.0
0.1111111111111111	2.0	8	9	0.0
0.1111111111111111	2.0	16	9	0.0
0.1111111111111111	2.0	32	9	0.1
0.1111111111111111	2.0	64	9	0.4
0.1111111111111111	2.0	128	9	0.8
0.1111111111111111	2.0	256	9	1.0
0.1111111111111111	2.0	192	9	1.0
0.1111111111111111	2.0	160	9	1.0
0.1111111111111111	2.0	144	9	1.0
0.1111111111111111	2.0	136	9	0.9
0.1111111111111111	2.0	132	9	0.7
0.1111111111111111	2.0	134	9	1.0
0.1111111111111111	2.0	133	9	0.8
0.07692307692307693	2.0	2	9	0.0
0.07692307692307693	2.0	4	9	0.0
0.07692307692307693	2.0	8	9	0.0
0.07692307692307693	2.0	16	9	0.0
0.07692307692307693	2.0	32	9	0.2
0.07692307692307693	2.0	64	9	0.9
0.07692307692307693	2.0	48	9	0.5
0.07692307692307693	2.0	56	9	0.2
0.07692307692307693	2.0	60	9	0.1
0.07692307692307693	2.0	62	9	0.4
0.07692307692307693	2.0	63	9	0.7
0.05882352941176471	2.0	2	9	0.0
0.05882352941176471	2.0	4	9	0.0
0.05882352941176471	2.0	8	9	0.0
0.05882352941176471	2.0	16	9	0.0
0.05882352941176471	2.0	32	9	0.1
0.05882352941176471	2.0	64	9	0.8
0.05882352941176471	2.0	128	9	0.9
0.05882352941176471	2.0	96	9	0.5
0.05882352941176471	2.0	112	9	0.8
0.05882352941176471	2.0	120	9	0.8
0.05882352941176471	2.0	124	9	0.9
0.05882352941176471	2.0	122	9	1.0
0.05882352941176471	2.0	121	9	0.8
0.047619047619047616	2.0	2	9	0.0
0.047619047619047616	2.0	4	9	0.0
0.047619047619047616	2.0	8	9	0.0
0.047619047619047616	2.0	16	9	0.0
0.047619047619047616	2.0	32	9	0.0
0.047619047619047616	2.0	64	9	0.6
0.047619047619047616	2.0	128	9	1.0
0.047619047619047616	2.0	96	9	0.8
0.047619047619047616	2.0	112	9	0.9
0.047619047619047616	2.0	104	9	0.9
0.047619047619047616	2.0	100	9	0.9
0.047619047619047616	2.0	98	9	0.8
0.047619047619047616	2.0	99	9	1.0
0.04	2.0	2	9	0.0
0.04	2.0	4	9	0.0
0.04	2.0	8	9	0.0
0.04	2.0	16	9	0.0
0.04	2.0	32	9	0.1
0.04	2.0	64	9	0.6
0.04	2.0	128	9	0.9
0.04	2.0	96	9	0.6
0.04	2.0	112	9	1.0
0.04	2.0	104	9	0.9
0.04	2.0	100	9	0.8
0.04	2.0	102	9	0.8
0.04	2.0	103	9	1.0
0.03448275862068965	2.0	2	9	0.0
0.03448275862068965	2.0	4	9	0.0
0.03448275862068965	2.0	8	9	0.0
0.03448275862068965	2.0	16	9	0.0
0.03448275862068965	2.0	32	9	0.0
0.03448275862068965	2.0	64	9	0.7
0.03448275862068965	2.0	128	9	0.9
0.03448275862068965	2.0	96	9	0.7
0.03448275862068965	2.0	112	9	1.0
0.03448275862068965	2.0	104	9	0.9
0.03448275862068965	2.0	100	9	0.7
0.03448275862068965	2.0	102	9	0.9
0.03448275862068965	2.0	101	9	1.0
0.030303030303030307	2.0	2	9	0.0
0.030303030303030307	2.0	4	9	0.0
0.030303030303030307	2.0	8	9	0.0
0.030303030303030307	2.0	16	9	0.0
0.030303030303030307	2.0	32	9	0.2
0.030303030303030307	2.0	64	9	0.5
0.030303030303030307	2.0	128	9	1.0
0.030303030303030307	2.0	96	9	0.9
0.030303030303030307	2.0	80	9	0.9
0.030303030303030307	2.0	72	9	0.6
0.030303030303030307	2.0	76	9	0.9
0.030303030303030307	2.0	74	9	0.8
0.030303030303030307	2.0	75	9	0.7
0.006666666666666667	2.0	2	9	0.0
0.006666666666666667	2.0	4	9	0.0
0.006666666666666667	2.0	8	9	0.0
0.006666666666666667	2.0	16	9	0.0
0.006666666666666667	2.0	32	9	0.3
0.006666666666666667	2.0	64	9	0.6
0.006666666666666667	2.0	128	9	1.0
0.006666666666666667	2.0	96	9	1.0
0.006666666666666667	2.0	80	9	0.9
0.006666666666666667	2.0	72	9	0.5
0.006666666666666667	2.0	76	9	0.7
0.006666666666666667	2.0	78	9	0.6
0.006666666666666667	2.0	79	9	0.7
0.0033333333333333327	2.0	2	9	0.0
0.0033333333333333327	2.0	4	9	0.0
0.0033333333333333327	2.0	8	9	0.0
0.0033333333333333327	2.0	16	9	0.0
0.0033333333333333327	2.0	32	9	0.4
0.0033333333333333327	2.0	64	9	0.8
0.0033333333333333327	2.0	128	9	1.0
0.0033333333333333327	2.0	96	9	1.0
0.0033333333333333327	2.0	80	9	1.0
0.0033333333333333327	2.0	72	9	0.9
0.0033333333333333327	2.0	68	9	0.9
0.0033333333333333327	2.0	66	9	0.8
0.0033333333333333327	2.0	67	9	0.9
1.0	5.0	2	9	0.0
1.0	5.0	4	9	0.0
1.0	5.0	8	9	0.0
1.0	5.0	16	9	0.0
1.0	5.0	32	9	0.0
1.0	5.0	64	9	0.0
1.0	5.0	128	9	0.0
1.0	5.0	256	9	0.0
1.0	5.0	512	9	0.0
1.0	5.0	1024	9	0.0
1.0	5.0	2048	9	0.0
1.0	5.0	4096	9	0.0
0.5	5.0	2	9	0.0
0.5	5.0	4	9	0.0
0.5	5.0	8	9	0.0
0.5	5.0	16	9	0.0
0.5	5.0	32	9	0.0
0.5	5.0	64	9	0.0
0.5	5.0	128	9	0.0
0.5	5.0	256	9	0.2
0.5	5.0	512	9	0.6
0.5	5.0	1024	9	1.0
0.5	5.0	768	9	0.6
0.5	5.0	896	9	1.0
0.5	5.0	832	9	0.7
0.5	5.0	864	9	0.8
0.5	5.0	880	9	0.8
0.5	5.0	888	9	1.0
0.5	5.0	884	9	0.9
0.5	5.0	882	9	0.6
0.5	5.0	883	9	0.7
0.2	5.0	2	9	0.0
0.2	5.0	4	9	0.0
0.2	5.0	8	9	0.0
0.2	5.0	16	9	0.0
0.2	5.0	32	9	0.0
0.2	5.0	64	9	0.0
0.2	5.0	128	9	0.7
0.2	5.0	256	9	0.6
0.2	5.0	512	9	0.9
0.2	5.0	384	9	0.7
0.2	5.0	448	9	0.9
0.2	5.0	416	9	1.0
0.2	5.0	400	9	0.9
0.2	5.0	392	9	0.9
0.2	5.0	388	9	0.9
0.2	5.0	386	9	0.9
0.2	5.0	385	9	1.0
0.1111111111111111	5.0	2	9	0.0
0.1111111111111111	5.0	4	9	0.0
0.1111111111111111	5.0	8	9	0.0
0.1111111111111111	5.0	16	9	0.0
0.1111111111111111	5.0	32	9	0.0
0.1111111111111111	5.0	64	9	0.2
0.1111111111111111	5.0	128	9	0.5
0.1111111111111111	5.0	256	9	1.0
0.1111111111111111	5.0	192	9	1.0
0.1111111111111111	5.0	160	9	0.8
0.1111111111111111	5.0	176	9	1.0
0.1111111111111111	5.0	168	9	0.6
0.1111111111111111	5.0	172	9	0.9
0.1111111111111111	5.0	170	9	0.8
0.1111111111111111	5.0	171	9	0.6
0.07692307692307693	5.0	2	9	0.0
0.07692307692307693	5.0	4	9	0.0
0.07692307692307693	5.0	8	9	0.0
0.07692307692307693	5.0	16	9	0.0
0.07692307692307693	5.0	32	9	0.1
0.07692307692307693	5.0	64	9	0.3
0.07692307692307693	5.0	128	9	0.4
0.07692307692307693	5.0	256	9	0.7
0.07692307692307693	5.0	512	9	1.0
0.07692307692307693	5.0	384	9	1.0
0.07692307692307693	5.0	320	9	1.0
0.07692307692307693	5.0	288	9	0.9
0.07692307692307693	5.0	272	9	0.9
0.07692307692307693	5.0	264	9	1.0
0.07692307692307693	5.0	260	9	1.0
0.07692307692307693	5.0	258	9	1.0
0.07692307692307693	5.0	257	9	0.8
0.05882352941176471	5.0	2	9	0.0
0.05882352941176471	5.0	4	9	0.0
0.05882352941176471	5.0	8	9	0.1
0.05882352941176471	5.0	16	9	0.0
0.05882352941176471	5.0	32	9	0.0
0.05882352941176471	5.0	64	9	0.4
0.05882352941176471	5.0	128	9	0.8
0.05882352941176471	5.0	256	9	0.9
0.05882352941176471	5.0	192	9	0.6
0.05882352941176471	5.0	224	9	1.0
0.05882352941176471	5.0	208	9	0.5
0.05882352941176471	5.0	216	9	1.0
0.05882352941176471	5.0	212	9	0.9
0.05882352941176471	5.0	210	9	0.9
0.05882352941176471	5.0	209	9	1.0
0.047619047619047616	5.0	2	9	0.0
0.047619047619047616	5.0	4	9	0.0
0.047619047619047616	5.0	8	9	0.0
0.047619047619047616	5.0	16	9	0.0
0.047619047619047616	5.0	32	9	0.1
0.047619047619047616	5.0	64	9	0.4
0.047619047619047616	5.0	128	9	0.8
0.047619047619047616	5.0	256	9	0.9
0.047619047619047616	5.0	192	9	1.0
0.047619047619047616	5.0	160	9	0.8
0.047619047619047616	5.0	176	9	1.0
0.047619047619047616	5.0	168	9	0.7
0.047619047619047616	5.0	172	9	0.8
0.047619047619047616	5.0	174	9	0.8
0.047619047619047616	5.0	175	9	0.8
0.04	5.0	2	9	0.0
0.04	5.0	4	9	0.0
0.04	5.0	8	9	0.0
0.04	5.0	16	9	0.0
0.04	5.0	32	9	0.1
0.04	5.0	64	9	0.5
0.04	5.0	128	9	0.9
0.04	5.0	96	9	0.5
0.04	5.0	112	9	0.4
0.04	5.0	120	9	0.5
0.04	5.0	124	9	0.8
0.04	5.0	126	9	0.7
0.04	5.0	127	9	0.7
0.03448275862068965	5.0	2	9	0.0
0.03448275862068965	5.0	4	9	0.0
0.03448275862068965	5.0	8	9	0.0
0.03448275862068965	5.0	16	9	0.0
0.03448275862068965	5.0	32	9	0.1
0.03448275862068965	5.0	64	9	0.3
0.03448275862068965	5.0	128	9	0.7
0.03448275862068965	5.0	256	9	0.9
0.03448275862068965	5.0	192	9	0.9
0.03448275862068965	5.0	160	9	1.0
0.03448275862068965	5.0	144	9	0.7
0.03448275862068965	5.0	152	9	0.6
0.03448275862068965	5.0	156	9	1.0
0.03448275862068965	5.0	154	9	0.7
0.03448275862068965	5.0	155	9	1.0
0.030303030303030307	5.0	2	9	0.0
0.030303030303030307	5.0	4	9	0.0
0.030303030303030307	5.0	8	9	0.0
0.030303030303030307	5.0	16	9	0.0
0.030303030303030307	5.0	32	9	0.1
0.030303030303030307	5.0	64	9	0.5
0.030303030303030307	5.0	128	9	0.7
0.030303030303030307	5.0	256	9	0.9
0.030303030303030307	5.0	192	9	1.0
0.030303030303030307	5.0	160	9	1.0
0.030303030303030307	5.0	144	9	0.8
0.030303030303030307	5.0	152	9	0.9
0.030303030303030307	5.0	148	9	0.7
0.030303030303030307	5.0	150	9	0.9
0.030303030303030307	5.0	149	9	0.9
0.006666666666666667	5.0	2	9	0.0
0.006666666666666667	5.0	4	9	0.0
0.006666666666666667	5.0	8	9	0.0
0.006666666666666667	5.0	16	9	0.1
0.006666666666666667	5.0	32	9	0.3
0.006666666666666667	5.0	64	9	0.4
0.006666666666666667	5.0	128	9	1.0
0.006666666666666667	5.0	96	9	0.8
0.006666666666666667	5.0	112	9	0.9
0.006666666666666667	5.0	104	9	0.7
0.006666666666666667	5.0	108	9	0.9
0.006666666666666667	5.0	106	9	0.9
0.006666666666666667	5.0	105	9	0.8
0.0033333333333333327	5.0	2	9	0.0
0.0033333333333333327	5.0	4	9	0.0
0.0033333333333333327	5.0	8	9	0.0
0.0033333333333333327	5.0	16	9	0.1
0.0033333333333333327	5.0	32	9	0.0
0.0033333333333333327	5.0	64	9	0.6
0.0033333333333333327	5.0	128	9	1.0
0.0033333333333333327	5.0	96	9	0.7
0.0033333333333333327	5.0	112	9	0.8
0.0033333333333333327	5.0	120	9	1.0
0.0033333333333333327	5.0	116	9	1.0
0.0033333333333333327	5.0	114	9	0.9
0.0033333333333333327	5.0	113	9	0.9
