1.0	0.08333333333333333	2	9	0.0
1.0	0.08333333333333333	4	9	0.0
1.0	0.08333333333333333	8	9	0.0
1.0	0.08333333333333333	16	9	0.0
1.0	0.08333333333333333	32	9	0.0
1.0	0.08333333333333333	64	9	0.0
1.0	0.08333333333333333	128	9	0.2
1.0	0.08333333333333333	256	9	0.5
1.0	0.08333333333333333	512	9	1.0
1.0	0.08333333333333333	384	9	0.5
1.0	0.08333333333333333	448	9	1.0
1.0	0.08333333333333333	416	9	0.9
1.0	0.08333333333333333	400	9	0.6
1.0	0.08333333333333333	408	9	0.7
1.0	0.08333333333333333	412	9	0.7
1.0	0.08333333333333333	414	9	0.8
1.0	0.08333333333333333	415	9	0.6
0.5	0.08333333333333333	2	9	0.0
0.5	0.08333333333333333	4	9	0.0
0.5	0.08333333333333333	8	9	0.0
0.5	0.08333333333333333	16	9	0.1
0.5	0.08333333333333333	32	9	0.0
0.5	0.08333333333333333	64	9	0.0
0.5	0.08333333333333333	128	9	0.4
0.5	0.08333333333333333	256	9	0.7
0.5	0.08333333333333333	512	9	0.9
0.5	0.08333333333333333	384	9	0.9
0.5	0.08333333333333333	320	9	0.8
0.5	0.08333333333333333	352	9	0.9
0.5	0.08333333333333333	336	9	0.9
0.5	0.08333333333333333	328	9	0.7
0.5	0.08333333333333333	332	9	0.6
0.5	0.08333333333333333	334	9	0.7
0.5	0.08333333333333333	335	9	0.8
0.2	0.08333333333333333	2	9	0.0
0.2	0.08333333333333333	4	9	0.0
0.2	0.08333333333333333	8	9	0.0
0.2	0.08333333333333333	16	9	0.0
0.2	0.08333333333333333	32	9	0.0
0.2	0.08333333333333333	64	9	0.4
0.2	0.08333333333333333	128	9	0.5
0.2	0.08333333333333333	256	9	0.9
0.2	0.08333333333333333	192	9	0.8
0.2	0.08333333333333333	224	9	0.8
0.2	0.08333333333333333	240	9	0.9
0.2	0.08333333333333333	232	9	0.9
0.2	0.08333333333333333	228	9	0.6
0.2	0.08333333333333333	230	9	0.9
0.2	0.08333333333333333	229	9	0.9
0.1111111111111111	0.08333333333333333	2	9	0.1
0.1111111111111111	0.08333333333333333	4	9	0.0
0.1111111111111111	0.08333333333333333	8	9	0.0
0.1111111111111111	0.08333333333333333	16	9	0.1
0.1111111111111111	0.08333333333333333	32	9	0.1
0.1111111111111111	0.08333333333333333	64	9	0.2
0.1111111111111111	0.08333333333333333	128	9	0.5
0.1111111111111111	0.08333333333333333	256	9	0.6
0.1111111111111111	0.08333333333333333	512	9	1.0
0.1111111111111111	0.08333333333333333	384	9	1.0
0.1111111111111111	0.08333333333333333	320	9	1.0
0.1111111111111111	0.08333333333333333	288	9	0.8
0.1111111111111111	0.08333333333333333	304	9	0.9
0.1111111111111111	0.08333333333333333	296	9	0.7
0.1111111111111111	0.08333333333333333	300	9	0.7
0.1111111111111111	0.08333333333333333	302	9	0.9
0.1111111111111111	0.08333333333333333	301	9	0.8
0.07692307692307693	0.08333333333333333	2	9	0.0
0.07692307692307693	0.08333333333333333	4	9	0.0
0.07692307692307693	0.08333333333333333	8	9	0.0
0.07692307692307693	0.08333333333333333	16	9	0.0
0.07692307692307693	0.08333333333333333	32	9	0.3
0.07692307692307693	0.08333333333333333	64	9	0.0
0.07692307692307693	0.08333333333333333	128	9	0.5
0.07692307692307693	0.08333333333333333	256	9	0.8
0.07692307692307693	0.08333333333333333	512	9	0.9
0.07692307692307693	0.08333333333333333	384	9	1.0
0.07692307692307693	0.08333333333333333	320	9	1.0
0.07692307692307693	0.08333333333333333	288	9	0.8
0.07692307692307693	0.08333333333333333	304	9	0.8
0.07692307692307693	0.08333333333333333	312	9	1.0
0.07692307692307693	0.08333333333333333	308	9	0.9
0.07692307692307693	0.08333333333333333	306	9	1.0
0.07692307692307693	0.08333333333333333	305	9	1.0
0.05882352941176471	0.08333333333333333	2	9	0.0
0.05882352941176471	0.08333333333333333	4	9	0.1
0.05882352941176471	0.08333333333333333	8	9	0.0
0.05882352941176471	0.08333333333333333	16	9	0.0
0.05882352941176471	0.08333333333333333	32	9	0.1
0.05882352941176471	0.08333333333333333	64	9	0.2
0.05882352941176471	0.08333333333333333	128	9	0.5
0.05882352941176471	0.08333333333333333	256	9	0.8
0.05882352941176471	0.08333333333333333	512	9	1.0
0.05882352941176471	0.08333333333333333	384	9	1.0
0.05882352941176471	0.08333333333333333	320	9	0.9
0.05882352941176471	0.08333333333333333	288	9	0.9
0.05882352941176471	0.08333333333333333	272	9	1.0
0.05882352941176471	0.08333333333333333	264	9	0.7
0.05882352941176471	0.08333333333333333	268	9	1.0
0.05882352941176471	0.08333333333333333	266	9	0.9
0.05882352941176471	0.08333333333333333	265	9	0.8
0.047619047619047616	0.08333333333333333	2	9	0.0
0.047619047619047616	0.08333333333333333	4	9	0.0
0.047619047619047616	0.08333333333333333	8	9	0.0
0.047619047619047616	0.08333333333333333	16	9	0.0
0.047619047619047616	0.08333333333333333	32	9	0.1
0.047619047619047616	0.08333333333333333	64	9	0.4
0.047619047619047616	0.08333333333333333	128	9	0.5
0.047619047619047616	0.08333333333333333	256	9	0.9
0.047619047619047616	0.08333333333333333	192	9	0.8
0.047619047619047616	0.08333333333333333	224	9	0.8
0.047619047619047616	0.08333333333333333	240	9	0.7
0.047619047619047616	0.08333333333333333	248	9	0.9
0.047619047619047616	0.08333333333333333	244	9	0.7
0.047619047619047616	0.08333333333333333	246	9	0.6
0.047619047619047616	0.08333333333333333	247	9	0.9
0.04	0.08333333333333333	2	9	0.1
0.04	0.08333333333333333	4	9	0.0
0.04	0.08333333333333333	8	9	0.0
0.04	0.08333333333333333	16	9	0.0
0.04	0.08333333333333333	32	9	0.1
0.04	0.08333333333333333	64	9	0.3
0.04	0.08333333333333333	128	9	0.8
0.04	0.08333333333333333	256	9	0.8
0.04	0.08333333333333333	512	9	1.0
0.04	0.08333333333333333	384	9	0.9
0.04	0.08333333333333333	320	9	1.0
0.04	0.08333333333333333	288	9	0.8
0.04	0.08333333333333333	304	9	0.9
0.04	0.08333333333333333	296	9	0.9
0.04	0.08333333333333333	292	9	1.0
0.04	0.08333333333333333	290	9	0.8
0.04	0.08333333333333333	291	9	0.7
0.03448275862068965	0.08333333333333333	2	9	0.0
0.03448275862068965	0.08333333333333333	4	9	0.0
0.03448275862068965	0.08333333333333333	8	9	0.1
0.03448275862068965	0.08333333333333333	16	9	0.0
0.03448275862068965	0.08333333333333333	32	9	0.2
0.03448275862068965	0.08333333333333333	64	9	0.5
0.03448275862068965	0.08333333333333333	128	9	0.5
0.03448275862068965	0.08333333333333333	256	9	0.9
0.03448275862068965	0.08333333333333333	192	9	0.6
0.03448275862068965	0.08333333333333333	224	9	1.0
0.03448275862068965	0.08333333333333333	208	9	0.7
0.03448275862068965	0.08333333333333333	216	9	0.9
0.03448275862068965	0.08333333333333333	212	9	0.8
0.03448275862068965	0.08333333333333333	214	9	1.0
0.03448275862068965	0.08333333333333333	213	9	0.7
0.030303030303030307	0.08333333333333333	2	9	0.0
0.030303030303030307	0.08333333333333333	4	9	0.0
0.030303030303030307	0.08333333333333333	8	9	0.0
0.030303030303030307	0.08333333333333333	16	9	0.0
0.030303030303030307	0.08333333333333333	32	9	0.3
0.030303030303030307	0.08333333333333333	64	9	0.3
0.030303030303030307	0.08333333333333333	128	9	0.5
0.030303030303030307	0.08333333333333333	256	9	0.6
0.030303030303030307	0.08333333333333333	512	9	1.0
0.030303030303030307	0.08333333333333333	384	9	1.0
0.030303030303030307	0.08333333333333333	320	9	0.8
0.030303030303030307	0.08333333333333333	352	9	0.7
0.030303030303030307	0.08333333333333333	368	9	1.0
0.030303030303030307	0.08333333333333333	360	9	0.9
0.030303030303030307	0.08333333333333333	356	9	1.0
0.030303030303030307	0.08333333333333333	354	9	1.0
0.030303030303030307	0.08333333333333333	353	9	0.8
0.006666666666666667	0.08333333333333333	2	9	0.1
0.006666666666666667	0.08333333333333333	4	9	0.0
0.006666666666666667	0.08333333333333333	8	9	0.0
0.006666666666666667	0.08333333333333333	16	9	0.2
0.006666666666666667	0.08333333333333333	32	9	0.0
0.006666666666666667	0.08333333333333333	64	9	0.2
0.006666666666666667	0.08333333333333333	128	9	0.4
0.006666666666666667	0.08333333333333333	256	9	0.8
0.006666666666666667	0.08333333333333333	512	9	1.0
0.006666666666666667	0.08333333333333333	384	9	1.0
0.006666666666666667	0.08333333333333333	320	9	1.0
0.006666666666666667	0.08333333333333333	288	9	0.9
0.006666666666666667	0.08333333333333333	272	9	1.0
0.006666666666666667	0.08333333333333333	264	9	1.0
0.006666666666666667	0.08333333333333333	260	9	0.7
0.006666666666666667	0.08333333333333333	262	9	0.8
0.006666666666666667	0.08333333333333333	263	9	0.9
0.0033333333333333327	0.08333333333333333	2	9	0.0
0.0033333333333333327	0.08333333333333333	4	9	0.0
0.0033333333333333327	0.08333333333333333	8	9	0.0
0.0033333333333333327	0.08333333333333333	16	9	0.0
0.0033333333333333327	0.08333333333333333	32	9	0.0
0.0033333333333333327	0.08333333333333333	64	9	0.2
0.0033333333333333327	0.08333333333333333	128	9	0.7
0.0033333333333333327	0.08333333333333333	256	9	0.9
0.0033333333333333327	0.08333333333333333	192	9	0.9
0.0033333333333333327	0.08333333333333333	160	9	0.5
0.0033333333333333327	0.08333333333333333	176	9	0.8
0.0033333333333333327	0.08333333333333333	184	9	0.5
0.0033333333333333327	0.08333333333333333	188	9	0.7
0.0033333333333333327	0.08333333333333333	190	9	0.7
0.0033333333333333327	0.08333333333333333	191	9	0.9
1.0	0.1	2	9	0.0
1.0	0.1	4	9	0.0
1.0	0.1	8	9	0.0
1.0	0.1	16	9	0.0
1.0	0.1	32	9	0.0
1.0	0.1	64	9	0.0
1.0	0.1	128	9	0.3
1.0	0.1	256	9	0.5
1.0	0.1	512	9	1.0
1.0	0.1	384	9	0.9
1.0	0.1	320	9	0.7
1.0	0.1	352	9	0.7
1.0	0.1	368	9	0.6
1.0	0.1	376	9	0.7
1.0	0.1	380	9	0.6
1.0	0.1	382	9	0.7
1.0	0.1	383	9	0.6
0.5	0.1	2	9	0.0
0.5	0.1	4	9	0.0
0.5	0.1	8	9	0.0
0.5	0.1	16	9	0.0
0.5	0.1	32	9	0.0
0.5	0.1	64	9	0.1
0.5	0.1	128	9	0.5
0.5	0.1	256	9	0.8
0.5	0.1	512	9	0.8
0.5	0.1	1024	9	1.0
0.5	0.1	768	9	0.9
0.5	0.1	640	9	0.9
0.5	0.1	576	9	1.0
0.5	0.1	544	9	0.8
0.5	0.1	560	9	1.0
0.5	0.1	552	9	0.9
0.5	0.1	548	9	0.8
0.5	0.1	550	9	1.0
0.5	0.1	549	9	0.8
0.2	0.1	2	9	0.0
0.2	0.1	4	9	0.0
0.2	0.1	8	9	0.0
0.2	0.1	16	9	0.1
0.2	0.1	32	9	0.1
0.2	0.1	64	9	0.4
0.2	0.1	128	9	0.5
0.2	0.1	256	9	0.9
0.2	0.1	192	9	0.9
0.2	0.1	160	9	0.5
0.2	0.1	176	9	0.7
0.2	0.1	184	9	0.5
0.2	0.1	188	9	0.7
0.2	0.1	190	9	0.7
0.2	0.1	191	9	0.7
0.1111111111111111	0.1	2	9	0.1
0.1111111111111111	0.1	4	9	0.0
0.1111111111111111	0.1	8	9	0.0
0.1111111111111111	0.1	16	9	0.0
0.1111111111111111	0.1	32	9	0.1
0.1111111111111111	0.1	64	9	0.3
0.1111111111111111	0.1	128	9	0.6
0.1111111111111111	0.1	256	9	0.8
0.1111111111111111	0.1	512	9	0.9
0.1111111111111111	0.1	384	9	1.0
0.1111111111111111	0.1	320	9	0.9
0.1111111111111111	0.1	288	9	0.9
0.1111111111111111	0.1	272	9	0.8
0.1111111111111111	0.1	280	9	1.0
0.1111111111111111	0.1	276	9	0.9
0.1111111111111111	0.1	274	9	0.9
0.1111111111111111	0.1	273	9	1.0
0.07692307692307693	0.1	2	9	0.0
0.07692307692307693	0.1	4	9	0.0
0.07692307692307693	0.1	8	9	0.0
0.07692307692307693	0.1	16	9	0.1
0.07692307692307693	0.1	32	9	0.0
0.07692307692307693	0.1	64	9	0.3
0.07692307692307693	0.1	128	9	0.5
0.07692307692307693	0.1	256	9	0.9
0.07692307692307693	0.1	192	9	0.9
0.07692307692307693	0.1	160	9	0.7
0.07692307692307693	0.1	176	9	0.7
0.07692307692307693	0.1	184	9	0.8
0.07692307692307693	0.1	188	9	0.9
0.07692307692307693	0.1	186	9	0.7
0.07692307692307693	0.1	187	9	0.6
0.05882352941176471	0.1	2	9	0.0
0.05882352941176471	0.1	4	9	0.0
0.05882352941176471	0.1	8	9	0.0
0.05882352941176471	0.1	16	9	0.2
0.05882352941176471	0.1	32	9	0.0
0.05882352941176471	0.1	64	9	0.2
0.05882352941176471	0.1	128	9	0.6
0.05882352941176471	0.1	256	9	0.8
0.05882352941176471	0.1	512	9	0.9
0.05882352941176471	0.1	384	9	1.0
0.05882352941176471	0.1	320	9	0.8
0.05882352941176471	0.1	352	9	1.0
0.05882352941176471	0.1	336	9	1.0
0.05882352941176471	0.1	328	9	1.0
0.05882352941176471	0.1	324	9	0.8
0.05882352941176471	0.1	326	9	0.9
0.05882352941176471	0.1	325	9	0.9
0.047619047619047616	0.1	2	9	0.0
0.047619047619047616	0.1	4	9	0.0
0.047619047619047616	0.1	8	9	0.1
0.047619047619047616	0.1	16	9	0.2
0.047619047619047616	0.1	32	9	0.2
0.047619047619047616	0.1	64	9	0.2
0.047619047619047616	0.1	128	9	0.8
0.047619047619047616	0.1	256	9	1.0
0.047619047619047616	0.1	192	9	0.9
0.047619047619047616	0.1	160	9	1.0
0.047619047619047616	0.1	144	9	0.5
0.047619047619047616	0.1	152	9	0.5
0.047619047619047616	0.1	156	9	0.6
0.047619047619047616	0.1	158	9	0.8
0.047619047619047616	0.1	159	9	0.8
0.04	0.1	2	9	0.1
0.04	0.1	4	9	0.0
0.04	0.1	8	9	0.0
0.04	0.1	16	9	0.0
0.04	0.1	32	9	0.1
0.04	0.1	64	9	0.4
0.04	0.1	128	9	0.4
0.04	0.1	256	9	1.0
0.04	0.1	192	9	0.8
0.04	0.1	224	9	0.6
0.04	0.1	240	9	1.0
0.04	0.1	232	9	0.9
0.04	0.1	228	9	0.8
0.04	0.1	230	9	0.9
0.04	0.1	229	9	0.9
0.03448275862068965	0.1	2	9	0.0
0.03448275862068965	0.1	4	9	0.0
0.03448275862068965	0.1	8	9	0.0
0.03448275862068965	0.1	16	9	0.0
0.03448275862068965	0.1	32	9	0.0
0.03448275862068965	0.1	64	9	0.3
0.03448275862068965	0.1	128	9	0.8
0.03448275862068965	0.1	256	9	0.9
0.03448275862068965	0.1	192	9	0.9
0.03448275862068965	0.1	160	9	0.8
0.03448275862068965	0.1	176	9	0.7
0.03448275862068965	0.1	184	9	0.9
0.03448275862068965	0.1	180	9	0.7
0.03448275862068965	0.1	182	9	0.7
0.03448275862068965	0.1	183	9	0.8
0.030303030303030307	0.1	2	9	0.0
0.030303030303030307	0.1	4	9	0.0
0.030303030303030307	0.1	8	9	0.0
0.030303030303030307	0.1	16	9	0.0
0.030303030303030307	0.1	32	9	0.1
0.030303030303030307	0.1	64	9	0.5
0.030303030303030307	0.1	128	9	0.7
0.030303030303030307	0.1	256	9	0.9
0.030303030303030307	0.1	192	9	0.9
0.030303030303030307	0.1	160	9	0.9
0.030303030303030307	0.1	144	9	0.7
0.030303030303030307	0.1	152	9	0.9
0.030303030303030307	0.1	148	9	0.5
0.030303030303030307	0.1	150	9	0.8
0.030303030303030307	0.1	151	9	0.8
0.006666666666666667	0.1	2	9	0.0
0.006666666666666667	0.1	4	9	0.0
0.006666666666666667	0.1	8	9	0.1
0.006666666666666667	0.1	16	9	0.1
0.006666666666666667	0.1	32	9	0.3
0.006666666666666667	0.1	64	9	0.4
0.006666666666666667	0.1	128	9	0.7
0.006666666666666667	0.1	256	9	0.9
0.006666666666666667	0.1	192	9	0.8
0.006666666666666667	0.1	224	9	1.0
0.006666666666666667	0.1	208	9	1.0
0.006666666666666667	0.1	200	9	0.8
0.006666666666666667	0.1	204	9	0.9
0.006666666666666667	0.1	202	9	0.8
0.006666666666666667	0.1	203	9	0.8
0.0033333333333333327	0.1	2	9	0.1
0.0033333333333333327	0.1	4	9	0.0
0.0033333333333333327	0.1	8	9	0.0
0.0033333333333333327	0.1	16	9	0.0
0.0033333333333333327	0.1	32	9	0.3
0.0033333333333333327	0.1	64	9	0.1
0.0033333333333333327	0.1	128	9	0.6
0.0033333333333333327	0.1	256	9	0.9
0.0033333333333333327	0.1	192	9	0.9
0.0033333333333333327	0.1	160	9	0.9
0.0033333333333333327	0.1	144	9	0.7
0.0033333333333333327	0.1	152	9	0.7
0.0033333333333333327	0.1	156	9	0.6
0.0033333333333333327	0.1	158	9	0.7
0.0033333333333333327	0.1	159	9	0.8
1.0	0.125	2	9	0.0
1.0	0.125	4	9	0.0
1.0	0.125	8	9	0.0
1.0	0.125	16	9	0.0
1.0	0.125	32	9	0.0
1.0	0.125	64	9	0.0
1.0	0.125	128	9	0.2
1.0	0.125	256	9	0.7
1.0	0.125	512	9	1.0
1.0	0.125	384	9	0.7
1.0	0.125	448	9	0.8
1.0	0.125	480	9	1.0
1.0	0.125	464	9	1.0
1.0	0.125	456	9	0.7
1.0	0.125	460	9	0.6
1.0	0.125	462	9	1.0
1.0	0.125	461	9	0.9
0.5	0.125	2	9	0.0
0.5	0.125	4	9	0.0
0.5	0.125	8	9	0.0
0.5	0.125	16	9	0.0
0.5	0.125	32	9	0.0
0.5	0.125	64	9	0.1
0.5	0.125	128	9	0.5
0.5	0.125	256	9	0.8
0.5	0.125	512	9	1.0
0.5	0.125	384	9	1.0
0.5	0.125	320	9	0.9
0.5	0.125	288	9	0.7
0.5	0.125	304	9	0.7
0.5	0.125	312	9	0.7
0.5	0.125	316	9	0.8
0.5	0.125	318	9	0.7
0.5	0.125	319	9	0.8
0.2	0.125	2	9	0.0
0.2	0.125	4	9	0.0
0.2	0.125	8	9	0.0
0.2	0.125	16	9	0.1
0.2	0.125	32	9	0.1
0.2	0.125	64	9	0.3
0.2	0.125	128	9	0.8
0.2	0.125	256	9	0.8
0.2	0.125	512	9	1.0
0.2	0.125	384	9	1.0
0.2	0.125	320	9	0.9
0.2	0.125	288	9	1.0
0.2	0.125	272	9	1.0
0.2	0.125	264	9	0.8
0.2	0.125	268	9	0.9
0.2	0.125	266	9	0.9
0.2	0.125	265	9	0.7
0.1111111111111111	0.125	2	9	0.0
0.1111111111111111	0.125	4	9	0.0
0.1111111111111111	0.125	8	9	0.0
0.1111111111111111	0.125	16	9	0.1
0.1111111111111111	0.125	32	9	0.2
0.1111111111111111	0.125	64	9	0.5
0.1111111111111111	0.125	128	9	0.8
0.1111111111111111	0.125	256	9	0.9
0.1111111111111111	0.125	192	9	0.9
0.1111111111111111	0.125	160	9	0.9
0.1111111111111111	0.125	144	9	0.5
0.1111111111111111	0.125	152	9	0.9
0.1111111111111111	0.125	148	9	0.9
0.1111111111111111	0.125	146	9	0.6
0.1111111111111111	0.125	147	9	0.9
0.07692307692307693	0.125	2	9	0.0
0.07692307692307693	0.125	4	9	0.0
0.07692307692307693	0.125	8	9	0.0
0.07692307692307693	0.125	16	9	0.0
0.07692307692307693	0.125	32	9	0.1
0.07692307692307693	0.125	64	9	0.5
0.07692307692307693	0.125	128	9	0.6
0.07692307692307693	0.125	256	9	1.0
0.07692307692307693	0.125	192	9	0.6
0.07692307692307693	0.125	224	9	0.9
0.07692307692307693	0.125	208	9	0.7
0.07692307692307693	0.125	216	9	0.8
0.07692307692307693	0.125	220	9	0.9
0.07692307692307693	0.125	218	9	0.7
0.07692307692307693	0.125	219	9	1.0
0.05882352941176471	0.125	2	9	0.0
0.05882352941176471	0.125	4	9	0.1
0.05882352941176471	0.125	8	9	0.0
0.05882352941176471	0.125	16	9	0.1
0.05882352941176471	0.125	32	9	0.1
0.05882352941176471	0.125	64	9	0.9
0.05882352941176471	0.125	48	9	0.3
0.05882352941176471	0.125	56	9	0.1
0.05882352941176471	0.125	60	9	0.2
0.05882352941176471	0.125	62	9	0.4
0.05882352941176471	0.125	63	9	0.6
0.047619047619047616	0.125	2	9	0.0
0.047619047619047616	0.125	4	9	0.1
0.047619047619047616	0.125	8	9	0.0
0.047619047619047616	0.125	16	9	0.1
0.047619047619047616	0.125	32	9	0.2
0.047619047619047616	0.125	64	9	0.7
0.047619047619047616	0.125	128	9	1.0
0.047619047619047616	0.125	96	9	0.6
0.047619047619047616	0.125	112	9	0.9
0.047619047619047616	0.125	104	9	0.7
0.047619047619047616	0.125	108	9	0.6
0.047619047619047616	0.125	110	9	1.0
0.047619047619047616	0.125	109	9	0.5
0.04	0.125	2	9	0.1
0.04	0.125	4	9	0.0
0.04	0.125	8	9	0.0
0.04	0.125	16	9	0.1
0.04	0.125	32	9	0.2
0.04	0.125	64	9	0.6
0.04	0.125	128	9	0.7
0.04	0.125	256	9	1.0
0.04	0.125	192	9	0.7
0.04	0.125	224	9	0.9
0.04	0.125	208	9	0.9
0.04	0.125	200	9	0.8
0.04	0.125	204	9	1.0
0.04	0.125	202	9	0.9
0.04	0.125	201	9	0.9
0.03448275862068965	0.125	2	9	0.1
0.03448275862068965	0.125	4	9	0.1
0.03448275862068965	0.125	8	9	0.0
0.03448275862068965	0.125	16	9	0.1
0.03448275862068965	0.125	32	9	0.3
0.03448275862068965	0.125	64	9	0.8
0.03448275862068965	0.125	128	9	0.7
0.03448275862068965	0.125	256	9	0.8
0.03448275862068965	0.125	512	9	1.0
0.03448275862068965	0.125	384	9	1.0
0.03448275862068965	0.125	320	9	1.0
0.03448275862068965	0.125	288	9	0.8
0.03448275862068965	0.125	304	9	1.0
0.03448275862068965	0.125	296	9	1.0
0.03448275862068965	0.125	292	9	1.0
0.03448275862068965	0.125	290	9	0.8
0.03448275862068965	0.125	291	9	0.9
0.030303030303030307	0.125	2	9	0.0
0.030303030303030307	0.125	4	9	0.0
0.030303030303030307	0.125	8	9	0.1
0.030303030303030307	0.125	16	9	0.0
0.030303030303030307	0.125	32	9	0.1
0.030303030303030307	0.125	64	9	0.5
0.030303030303030307	0.125	128	9	0.7
0.030303030303030307	0.125	256	9	1.0
0.030303030303030307	0.125	192	9	0.8
0.030303030303030307	0.125	224	9	0.9
0.030303030303030307	0.125	208	9	1.0
0.030303030303030307	0.125	200	9	0.8
0.030303030303030307	0.125	204	9	1.0
0.030303030303030307	0.125	202	9	0.9
0.030303030303030307	0.125	201	9	0.8
0.006666666666666667	0.125	2	9	0.1
0.006666666666666667	0.125	4	9	0.0
0.006666666666666667	0.125	8	9	0.0
0.006666666666666667	0.125	16	9	0.3
0.006666666666666667	0.125	32	9	0.3
0.006666666666666667	0.125	64	9	0.2
0.006666666666666667	0.125	128	9	0.7
0.006666666666666667	0.125	256	9	0.9
0.006666666666666667	0.125	192	9	0.9
0.006666666666666667	0.125	160	9	1.0
0.006666666666666667	0.125	144	9	1.0
0.006666666666666667	0.125	136	9	1.0
0.006666666666666667	0.125	132	9	0.9
0.006666666666666667	0.125	130	9	0.9
0.006666666666666667	0.125	129	9	0.6
0.0033333333333333327	0.125	2	9	0.1
0.0033333333333333327	0.125	4	9	0.0
0.0033333333333333327	0.125	8	9	0.0
0.0033333333333333327	0.125	16	9	0.1
0.0033333333333333327	0.125	32	9	0.3
0.0033333333333333327	0.125	64	9	0.3
0.0033333333333333327	0.125	128	9	0.8
0.0033333333333333327	0.125	256	9	1.0
0.0033333333333333327	0.125	192	9	1.0
0.0033333333333333327	0.125	160	9	0.9
0.0033333333333333327	0.125	144	9	0.9
0.0033333333333333327	0.125	136	9	0.9
0.0033333333333333327	0.125	132	9	0.9
0.0033333333333333327	0.125	130	9	1.0
0.0033333333333333327	0.125	129	9	0.9
1.0	0.16666666666666666	2	9	0.0
1.0	0.16666666666666666	4	9	0.0
1.0	0.16666666666666666	8	9	0.0
1.0	0.16666666666666666	16	9	0.0
1.0	0.16666666666666666	32	9	0.0
1.0	0.16666666666666666	64	9	0.0
1.0	0.16666666666666666	128	9	0.6
1.0	0.16666666666666666	256	9	0.5
1.0	0.16666666666666666	512	9	0.8
1.0	0.16666666666666666	1024	9	0.8
1.0	0.16666666666666666	2048	9	1.0
1.0	0.16666666666666666	1536	9	1.0
1.0	0.16666666666666666	1280	9	1.0
1.0	0.16666666666666666	1152	9	1.0
1.0	0.16666666666666666	1088	9	1.0
1.0	0.16666666666666666	1056	9	0.9
1.0	0.16666666666666666	1040	9	0.9
1.0	0.16666666666666666	1032	9	1.0
1.0	0.16666666666666666	1028	9	1.0
1.0	0.16666666666666666	1026	9	1.0
1.0	0.16666666666666666	1025	9	1.0
0.5	0.16666666666666666	2	9	0.0
0.5	0.16666666666666666	4	9	0.0
0.5	0.16666666666666666	8	9	0.1
0.5	0.16666666666666666	16	9	0.0
0.5	0.16666666666666666	32	9	0.0
0.5	0.16666666666666666	64	9	0.1
0.5	0.16666666666666666	128	9	0.7
0.5	0.16666666666666666	256	9	1.0
0.5	0.16666666666666666	192	9	0.8
0.5	0.16666666666666666	224	9	0.7
0.5	0.16666666666666666	240	9	1.0
0.5	0.16666666666666666	232	9	0.6
0.5	0.16666666666666666	236	9	0.9
0.5	0.16666666666666666	234	9	0.7
0.5	0.16666666666666666	235	9	0.8
0.2	0.16666666666666666	2	9	0.0
0.2	0.16666666666666666	4	9	0.0
0.2	0.16666666666666666	8	9	0.0
0.2	0.16666666666666666	16	9	0.1
0.2	0.16666666666666666	32	9	0.1
0.2	0.16666666666666666	64	9	0.4
0.2	0.16666666666666666	128	9	0.8
0.2	0.16666666666666666	256	9	1.0
0.2	0.16666666666666666	192	9	0.7
0.2	0.16666666666666666	224	9	1.0
0.2	0.16666666666666666	208	9	0.8
0.2	0.16666666666666666	216	9	0.8
0.2	0.16666666666666666	220	9	0.7
0.2	0.16666666666666666	222	9	1.0
0.2	0.16666666666666666	221	9	0.7
0.1111111111111111	0.16666666666666666	2	9	0.1
0.1111111111111111	0.16666666666666666	4	9	0.0
0.1111111111111111	0.16666666666666666	8	9	0.0
0.1111111111111111	0.16666666666666666	16	9	0.3
0.1111111111111111	0.16666666666666666	32	9	0.4
0.1111111111111111	0.16666666666666666	64	9	0.5
0.1111111111111111	0.16666666666666666	128	9	0.8
0.1111111111111111	0.16666666666666666	256	9	1.0
0.1111111111111111	0.16666666666666666	192	9	0.6
0.1111111111111111	0.16666666666666666	224	9	0.9
0.1111111111111111	0.16666666666666666	208	9	0.9
0.1111111111111111	0.16666666666666666	200	9	0.9
0.1111111111111111	0.16666666666666666	196	9	1.0
0.1111111111111111	0.16666666666666666	194	9	0.9
0.1111111111111111	0.16666666666666666	193	9	1.0
0.07692307692307693	0.16666666666666666	2	9	0.2
0.07692307692307693	0.16666666666666666	4	9	0.1
0.07692307692307693	0.16666666666666666	8	9	0.2
0.07692307692307693	0.16666666666666666	16	9	0.0
0.07692307692307693	0.16666666666666666	32	9	0.3
0.07692307692307693	0.16666666666666666	64	9	0.5
0.07692307692307693	0.16666666666666666	128	9	0.9
0.07692307692307693	0.16666666666666666	96	9	0.9
0.07692307692307693	0.16666666666666666	80	9	0.9
0.07692307692307693	0.16666666666666666	72	9	0.7
0.07692307692307693	0.16666666666666666	76	9	0.6
0.07692307692307693	0.16666666666666666	78	9	0.7
0.07692307692307693	0.16666666666666666	79	9	0.7
0.05882352941176471	0.16666666666666666	2	9	0.1
0.05882352941176471	0.16666666666666666	4	9	0.0
0.05882352941176471	0.16666666666666666	8	9	0.0
0.05882352941176471	0.16666666666666666	16	9	0.2
0.05882352941176471	0.16666666666666666	32	9	0.1
0.05882352941176471	0.16666666666666666	64	9	0.5
0.05882352941176471	0.16666666666666666	128	9	0.9
0.05882352941176471	0.16666666666666666	96	9	0.4
0.05882352941176471	0.16666666666666666	112	9	0.9
0.05882352941176471	0.16666666666666666	104	9	0.9
0.05882352941176471	0.16666666666666666	100	9	1.0
0.05882352941176471	0.16666666666666666	98	9	0.8
0.05882352941176471	0.16666666666666666	99	9	0.4
0.047619047619047616	0.16666666666666666	2	9	0.0
0.047619047619047616	0.16666666666666666	4	9	0.1
0.047619047619047616	0.16666666666666666	8	9	0.0
0.047619047619047616	0.16666666666666666	16	9	0.2
0.047619047619047616	0.16666666666666666	32	9	0.5
0.047619047619047616	0.16666666666666666	64	9	0.3
0.047619047619047616	0.16666666666666666	128	9	1.0
0.047619047619047616	0.16666666666666666	96	9	0.8
0.047619047619047616	0.16666666666666666	112	9	0.9
0.047619047619047616	0.16666666666666666	104	9	0.6
0.047619047619047616	0.16666666666666666	108	9	0.7
0.047619047619047616	0.16666666666666666	110	9	1.0
0.047619047619047616	0.16666666666666666	109	9	0.8
0.04	0.16666666666666666	2	9	0.2
0.04	0.16666666666666666	4	9	0.0
0.04	0.16666666666666666	8	9	0.0
0.04	0.16666666666666666	16	9	0.1
0.04	0.16666666666666666	32	9	0.1
0.04	0.16666666666666666	64	9	0.6
0.04	0.16666666666666666	128	9	0.7
0.04	0.16666666666666666	256	9	1.0
0.04	0.16666666666666666	192	9	0.9
0.04	0.16666666666666666	160	9	0.7
0.04	0.16666666666666666	176	9	0.9
0.04	0.16666666666666666	168	9	0.9
0.04	0.16666666666666666	164	9	0.9
0.04	0.16666666666666666	162	9	1.0
0.04	0.16666666666666666	161	9	0.9
0.03448275862068965	0.16666666666666666	2	9	0.0
0.03448275862068965	0.16666666666666666	4	9	0.0
0.03448275862068965	0.16666666666666666	8	9	0.0
0.03448275862068965	0.16666666666666666	16	9	0.2
0.03448275862068965	0.16666666666666666	32	9	0.4
0.03448275862068965	0.16666666666666666	64	9	0.7
0.03448275862068965	0.16666666666666666	128	9	0.9
0.03448275862068965	0.16666666666666666	96	9	0.5
0.03448275862068965	0.16666666666666666	112	9	0.6
0.03448275862068965	0.16666666666666666	120	9	0.6
0.03448275862068965	0.16666666666666666	124	9	0.8
0.03448275862068965	0.16666666666666666	126	9	0.8
0.03448275862068965	0.16666666666666666	127	9	0.9
0.030303030303030307	0.16666666666666666	2	9	0.1
0.030303030303030307	0.16666666666666666	4	9	0.0
0.030303030303030307	0.16666666666666666	8	9	0.0
0.030303030303030307	0.16666666666666666	16	9	0.2
0.030303030303030307	0.16666666666666666	32	9	0.3
0.030303030303030307	0.16666666666666666	64	9	0.7
0.030303030303030307	0.16666666666666666	128	9	0.8
0.030303030303030307	0.16666666666666666	256	9	0.9
0.030303030303030307	0.16666666666666666	192	9	0.9
0.030303030303030307	0.16666666666666666	160	9	0.9
0.030303030303030307	0.16666666666666666	144	9	1.0
0.030303030303030307	0.16666666666666666	136	9	1.0
0.030303030303030307	0.16666666666666666	132	9	0.8
0.030303030303030307	0.16666666666666666	134	9	0.8
0.030303030303030307	0.16666666666666666	135	9	0.9
0.006666666666666667	0.16666666666666666	2	9	0.0
0.006666666666666667	0.16666666666666666	4	9	0.0
0.006666666666666667	0.16666666666666666	8	9	0.0
0.006666666666666667	0.16666666666666666	16	9	0.1
0.006666666666666667	0.16666666666666666	32	9	0.1
0.006666666666666667	0.16666666666666666	64	9	0.5
0.006666666666666667	0.16666666666666666	128	9	0.8
0.006666666666666667	0.16666666666666666	256	9	1.0
0.006666666666666667	0.16666666666666666	192	9	0.9
0.006666666666666667	0.16666666666666666	160	9	1.0
0.006666666666666667	0.16666666666666666	144	9	0.9
0.006666666666666667	0.16666666666666666	136	9	0.9
0.006666666666666667	0.16666666666666666	132	9	0.8
0.006666666666666667	0.16666666666666666	134	9	0.8
0.006666666666666667	0.16666666666666666	135	9	0.9
0.0033333333333333327	0.16666666666666666	2	9	0.0
0.0033333333333333327	0.16666666666666666	4	9	0.0
0.0033333333333333327	0.16666666666666666	8	9	0.1
0.0033333333333333327	0.16666666666666666	16	9	0.2
0.0033333333333333327	0.16666666666666666	32	9	0.2
0.0033333333333333327	0.16666666666666666	64	9	0.9
0.0033333333333333327	0.16666666666666666	48	9	0.8
0.0033333333333333327	0.16666666666666666	56	9	0.8
0.0033333333333333327	0.16666666666666666	60	9	0.5
0.0033333333333333327	0.16666666666666666	62	9	0.6
0.0033333333333333327	0.16666666666666666	63	9	0.6
1.0	0.25	2	9	0.0
1.0	0.25	4	9	0.0
1.0	0.25	8	9	0.0
1.0	0.25	16	9	0.0
1.0	0.25	32	9	0.0
1.0	0.25	64	9	0.0
1.0	0.25	128	9	0.4
1.0	0.25	256	9	0.6
1.0	0.25	512	9	0.9
1.0	0.25	384	9	0.8
1.0	0.25	448	9	0.6
1.0	0.25	480	9	0.7
1.0	0.25	496	9	0.9
1.0	0.25	488	9	0.9
1.0	0.25	484	9	0.9
1.0	0.25	482	9	0.7
1.0	0.25	483	9	0.9
0.5	0.25	2	9	0.2
0.5	0.25	4	9	0.0
0.5	0.25	8	9	0.0
0.5	0.25	16	9	0.0
0.5	0.25	32	9	0.0
0.5	0.25	64	9	0.2
0.5	0.25	128	9	0.5
0.5	0.25	256	9	0.8
0.5	0.25	512	9	0.9
0.5	0.25	384	9	1.0
0.5	0.25	320	9	0.9
0.5	0.25	288	9	0.8
0.5	0.25	304	9	1.0
0.5	0.25	296	9	1.0
0.5	0.25	292	9	0.9
0.5	0.25	290	9	0.9
0.5	0.25	289	9	0.9
0.2	0.25	2	9	0.0
0.2	0.25	4	9	0.0
0.2	0.25	8	9	0.1
0.2	0.25	16	9	0.0
0.2	0.25	32	9	0.4
0.2	0.25	64	9	0.7
0.2	0.25	128	9	0.7
0.2	0.25	256	9	1.0
0.2	0.25	192	9	0.7
0.2	0.25	224	9	1.0
0.2	0.25	208	9	0.9
0.2	0.25	200	9	1.0
0.2	0.25	196	9	0.8
0.2	0.25	198	9	1.0
0.2	0.25	197	9	1.0
0.1111111111111111	0.25	2	9	0.0
0.1111111111111111	0.25	4	9	0.0
0.1111111111111111	0.25	8	9	0.0
0.1111111111111111	0.25	16	9	0.1
0.1111111111111111	0.25	32	9	0.2
0.1111111111111111	0.25	64	9	0.8
0.1111111111111111	0.25	128	9	0.9
0.1111111111111111	0.25	96	9	0.9
0.1111111111111111	0.25	80	9	1.0
0.1111111111111111	0.25	72	9	0.8
0.1111111111111111	0.25	76	9	0.8
0.1111111111111111	0.25	78	9	0.7
0.1111111111111111	0.25	79	9	0.8
0.07692307692307693	0.25	2	9	0.0
0.07692307692307693	0.25	4	9	0.0
0.07692307692307693	0.25	8	9	0.0
0.07692307692307693	0.25	16	9	0.2
0.07692307692307693	0.25	32	9	0.5
0.07692307692307693	0.25	64	9	0.7
0.07692307692307693	0.25	128	9	1.0
0.07692307692307693	0.25	96	9	0.8
0.07692307692307693	0.25	112	9	0.9
0.07692307692307693	0.25	104	9	1.0
0.07692307692307693	0.25	100	9	0.8
0.07692307692307693	0.25	102	9	0.8
0.07692307692307693	0.25	103	9	1.0
0.05882352941176471	0.25	2	9	0.1
0.05882352941176471	0.25	4	9	0.0
0.05882352941176471	0.25	8	9	0.0
0.05882352941176471	0.25	16	9	0.2
0.05882352941176471	0.25	32	9	0.3
0.05882352941176471	0.25	64	9	0.5
0.05882352941176471	0.25	128	9	0.9
0.05882352941176471	0.25	96	9	0.6
0.05882352941176471	0.25	112	9	1.0
0.05882352941176471	0.25	104	9	0.9
0.05882352941176471	0.25	100	9	0.7
0.05882352941176471	0.25	102	9	0.8
0.05882352941176471	0.25	103	9	1.0
0.047619047619047616	0.25	2	9	0.0
0.047619047619047616	0.25	4	9	0.0
0.047619047619047616	0.25	8	9	0.0
0.047619047619047616	0.25	16	9	0.0
0.047619047619047616	0.25	32	9	0.5
0.047619047619047616	0.25	64	9	0.6
0.047619047619047616	0.25	128	9	1.0
0.047619047619047616	0.25	96	9	0.8
0.047619047619047616	0.25	112	9	0.9
0.047619047619047616	0.25	104	9	0.8
0.047619047619047616	0.25	108	9	0.9
0.047619047619047616	0.25	106	9	0.8
0.047619047619047616	0.25	107	9	1.0
0.04	0.25	2	9	0.0
0.04	0.25	4	9	0.1
0.04	0.25	8	9	0.0
0.04	0.25	16	9	0.1
0.04	0.25	32	9	0.5
0.04	0.25	64	9	0.9
0.04	0.25	48	9	0.6
0.04	0.25	56	9	0.5
0.04	0.25	60	9	0.8
0.04	0.25	62	9	0.5
0.04	0.25	63	9	0.8
0.03448275862068965	0.25	2	9	0.0
0.03448275862068965	0.25	4	9	0.1
0.03448275862068965	0.25	8	9	0.1
0.03448275862068965	0.25	16	9	0.3
0.03448275862068965	0.25	32	9	0.5
0.03448275862068965	0.25	64	9	0.9
0.03448275862068965	0.25	48	9	0.5
0.03448275862068965	0.25	56	9	0.9
0.03448275862068965	0.25	52	9	0.7
0.03448275862068965	0.25	54	9	0.6
0.03448275862068965	0.25	55	9	0.9
0.030303030303030307	0.25	2	9	0.0
0.030303030303030307	0.25	4	9	0.0
0.030303030303030307	0.25	8	9	0.2
0.030303030303030307	0.25	16	9	0.0
0.030303030303030307	0.25	32	9	0.5
0.030303030303030307	0.25	64	9	0.9
0.030303030303030307	0.25	48	9	0.5
0.030303030303030307	0.25	56	9	0.9
0.030303030303030307	0.25	52	9	0.8
0.030303030303030307	0.25	54	9	0.8
0.030303030303030307	0.25	55	9	0.6
0.006666666666666667	0.25	2	9	0.0
0.006666666666666667	0.25	4	9	0.0
0.006666666666666667	0.25	8	9	0.0
0.006666666666666667	0.25	16	9	0.2
0.006666666666666667	0.25	32	9	0.3
0.006666666666666667	0.25	64	9	0.7
0.006666666666666667	0.25	128	9	0.8
0.006666666666666667	0.25	256	9	1.0
0.006666666666666667	0.25	192	9	1.0
0.006666666666666667	0.25	160	9	1.0
0.006666666666666667	0.25	144	9	1.0
0.006666666666666667	0.25	136	9	0.9
0.006666666666666667	0.25	132	9	1.0
0.006666666666666667	0.25	130	9	0.9
0.006666666666666667	0.25	129	9	0.9
0.0033333333333333327	0.25	2	9	0.0
0.0033333333333333327	0.25	4	9	0.1
0.0033333333333333327	0.25	8	9	0.0
0.0033333333333333327	0.25	16	9	0.4
0.0033333333333333327	0.25	32	9	0.6
0.0033333333333333327	0.25	64	9	0.8
0.0033333333333333327	0.25	128	9	1.0
0.0033333333333333327	0.25	96	9	1.0
0.0033333333333333327	0.25	80	9	0.7
0.0033333333333333327	0.25	88	9	0.8
0.0033333333333333327	0.25	92	9	0.9
0.0033333333333333327	0.25	90	9	0.7
0.0033333333333333327	0.25	91	9	1.0
1.0	0.5	2	9	0.0
1.0	0.5	4	9	0.0
1.0	0.5	8	9	0.0
1.0	0.5	16	9	0.0
1.0	0.5	32	9	0.0
1.0	0.5	64	9	0.1
1.0	0.5	128	9	0.2
1.0	0.5	256	9	0.3
1.0	0.5	512	9	1.0
1.0	0.5	384	9	0.7
1.0	0.5	448	9	0.9
1.0	0.5	416	9	0.8
1.0	0.5	432	9	0.9
1.0	0.5	424	9	1.0
1.0	0.5	420	9	0.6
1.0	0.5	422	9	0.7
1.0	0.5	423	9	0.7
0.5	0.5	2	9	0.0
0.5	0.5	4	9	0.0
0.5	0.5	8	9	0.0
0.5	0.5	16	9	0.0
0.5	0.5	32	9	0.0
0.5	0.5	64	9	0.3
0.5	0.5	128	9	1.0
0.5	0.5	96	9	0.8
0.5	0.5	112	9	0.8
0.5	0.5	120	9	0.6
0.5	0.5	124	9	0.9
0.5	0.5	122	9	0.9
0.5	0.5	121	9	0.6
0.2	0.5	2	9	0.1
0.2	0.5	4	9	0.0
0.2	0.5	8	9	0.0
0.2	0.5	16	9	0.4
0.2	0.5	32	9	0.7
0.2	0.5	64	9	0.7
0.2	0.5	128	9	1.0
0.2	0.5	96	9	0.9
0.2	0.5	80	9	0.8
0.2	0.5	88	9	0.8
0.2	0.5	92	9	1.0
0.2	0.5	90	9	0.9
0.2	0.5	89	9	0.8
0.1111111111111111	0.5	2	9	0.0
0.1111111111111111	0.5	4	9	0.0
0.1111111111111111	0.5	8	9	0.0
0.1111111111111111	0.5	16	9	0.2
0.1111111111111111	0.5	32	9	0.5
0.1111111111111111	0.5	64	9	1.0
0.1111111111111111	0.5	48	9	0.7
0.1111111111111111	0.5	56	9	0.8
0.1111111111111111	0.5	60	9	0.6
0.1111111111111111	0.5	62	9	0.7
0.1111111111111111	0.5	63	9	0.7
0.07692307692307693	0.5	2	9	0.0
0.07692307692307693	0.5	4	9	0.1
0.07692307692307693	0.5	8	9	0.1
0.07692307692307693	0.5	16	9	0.4
0.07692307692307693	0.5	32	9	0.6
0.07692307692307693	0.5	64	9	0.8
0.07692307692307693	0.5	128	9	1.0
0.07692307692307693	0.5	96	9	0.8
0.07692307692307693	0.5	112	9	1.0
0.07692307692307693	0.5	104	9	1.0
0.07692307692307693	0.5	100	9	1.0
0.07692307692307693	0.5	98	9	1.0
0.07692307692307693	0.5	97	9	1.0
0.05882352941176471	0.5	2	9	0.1
0.05882352941176471	0.5	4	9	0.0
0.05882352941176471	0.5	8	9	0.1
0.05882352941176471	0.5	16	9	0.1
0.05882352941176471	0.5	32	9	0.5
0.05882352941176471	0.5	64	9	1.0
0.05882352941176471	0.5	48	9	0.7
0.05882352941176471	0.5	56	9	0.9
0.05882352941176471	0.5	52	9	0.9
0.05882352941176471	0.5	50	9	0.8
0.05882352941176471	0.5	51	9	0.7
0.047619047619047616	0.5	2	9	0.1
0.047619047619047616	0.5	4	9	0.1
0.047619047619047616	0.5	8	9	0.2
0.047619047619047616	0.5	16	9	0.3
0.047619047619047616	0.5	32	9	0.6
0.047619047619047616	0.5	64	9	0.8
0.047619047619047616	0.5	128	9	1.0
0.047619047619047616	0.5	96	9	1.0
0.047619047619047616	0.5	80	9	1.0
0.047619047619047616	0.5	72	9	1.0
0.047619047619047616	0.5	68	9	1.0
0.047619047619047616	0.5	66	9	1.0
0.047619047619047616	0.5	65	9	0.9
0.04	0.5	2	9	0.0
0.04	0.5	4	9	0.1
0.04	0.5	8	9	0.2
0.04	0.5	16	9	0.4
0.04	0.5	32	9	0.8
0.04	0.5	64	9	0.9
0.04	0.5	48	9	0.8
0.04	0.5	56	9	0.8
0.04	0.5	60	9	0.9
0.04	0.5	58	9	1.0
0.04	0.5	57	9	0.9
0.03448275862068965	0.5	2	9	0.0
0.03448275862068965	0.5	4	9	0.1
0.03448275862068965	0.5	8	9	0.1
0.03448275862068965	0.5	16	9	0.3
0.03448275862068965	0.5	32	9	0.8
0.03448275862068965	0.5	64	9	0.9
0.03448275862068965	0.5	48	9	0.8
0.03448275862068965	0.5	56	9	0.8
0.03448275862068965	0.5	60	9	0.9
0.03448275862068965	0.5	58	9	0.8
0.03448275862068965	0.5	59	9	0.9
0.030303030303030307	0.5	2	9	0.1
0.030303030303030307	0.5	4	9	0.1
0.030303030303030307	0.5	8	9	0.1
0.030303030303030307	0.5	16	9	0.1
0.030303030303030307	0.5	32	9	0.7
0.030303030303030307	0.5	64	9	0.9
0.030303030303030307	0.5	48	9	0.6
0.030303030303030307	0.5	56	9	0.9
0.030303030303030307	0.5	52	9	0.9
0.030303030303030307	0.5	50	9	0.9
0.030303030303030307	0.5	49	9	0.9
0.006666666666666667	0.5	2	9	0.1
0.006666666666666667	0.5	4	9	0.2
0.006666666666666667	0.5	8	9	0.1
0.006666666666666667	0.5	16	9	0.6
0.006666666666666667	0.5	32	9	0.6
0.006666666666666667	0.5	64	9	0.8
0.006666666666666667	0.5	128	9	1.0
0.006666666666666667	0.5	96	9	1.0
0.006666666666666667	0.5	80	9	1.0
0.006666666666666667	0.5	72	9	0.7
0.006666666666666667	0.5	76	9	1.0
0.006666666666666667	0.5	74	9	1.0
0.006666666666666667	0.5	73	9	1.0
0.0033333333333333327	0.5	2	9	0.1
0.0033333333333333327	0.5	4	9	0.0
0.0033333333333333327	0.5	8	9	0.4
0.0033333333333333327	0.5	16	9	0.5
0.0033333333333333327	0.5	32	9	0.9
0.0033333333333333327	0.5	24	9	0.7
0.0033333333333333327	0.5	28	9	0.8
0.0033333333333333327	0.5	30	9	0.7
0.0033333333333333327	0.5	31	9	0.9
1.0	1.0	2	9	0.0
1.0	1.0	4	9	0.0
1.0	1.0	8	9	0.0
1.0	1.0	16	9	0.0
1.0	1.0	32	9	0.0
1.0	1.0	64	9	0.0
1.0	1.0	128	9	0.0
1.0	1.0	256	9	0.2
1.0	1.0	512	9	0.6
1.0	1.0	1024	9	1.0
1.0	1.0	768	9	0.8
1.0	1.0	896	9	0.3
1.0	1.0	960	9	0.7
1.0	1.0	992	9	0.6
1.0	1.0	1008	9	0.9
1.0	1.0	1000	9	0.7
1.0	1.0	1004	9	0.7
1.0	1.0	1006	9	0.9
1.0	1.0	1005	9	0.7
0.5	1.0	2	9	0.0
0.5	1.0	4	9	0.0
0.5	1.0	8	9	0.0
0.5	1.0	16	9	0.0
0.5	1.0	32	9	0.1
0.5	1.0	64	9	0.4
0.5	1.0	128	9	0.7
0.5	1.0	256	9	0.7
0.5	1.0	512	9	1.0
0.5	1.0	384	9	1.0
0.5	1.0	320	9	1.0
0.5	1.0	288	9	0.9
0.5	1.0	272	9	0.9
0.5	1.0	264	9	0.9
0.5	1.0	260	9	0.9
0.5	1.0	258	9	0.9
0.5	1.0	257	9	0.9
0.2	1.0	2	9	0.1
0.2	1.0	4	9	0.1
0.2	1.0	8	9	0.3
0.2	1.0	16	9	0.1
0.2	1.0	32	9	0.8
0.2	1.0	64	9	0.9
0.2	1.0	48	9	0.6
0.2	1.0	56	9	0.9
0.2	1.0	52	9	0.9
0.2	1.0	50	9	0.7
0.2	1.0	51	9	0.6
0.1111111111111111	1.0	2	9	0.1
0.1111111111111111	1.0	4	9	0.0
0.1111111111111111	1.0	8	9	0.2
0.1111111111111111	1.0	16	9	0.4
0.1111111111111111	1.0	32	9	0.7
0.1111111111111111	1.0	64	9	1.0
0.1111111111111111	1.0	48	9	0.8
0.1111111111111111	1.0	56	9	0.7
0.1111111111111111	1.0	60	9	0.7
0.1111111111111111	1.0	62	9	0.9
0.1111111111111111	1.0	61	9	0.8
0.07692307692307693	1.0	2	9	0.1
0.07692307692307693	1.0	4	9	0.2
0.07692307692307693	1.0	8	9	0.3
0.07692307692307693	1.0	16	9	0.4
0.07692307692307693	1.0	32	9	0.9
0.07692307692307693	1.0	24	9	0.5
0.07692307692307693	1.0	28	9	0.7
0.07692307692307693	1.0	30	9	0.8
0.07692307692307693	1.0	31	9	0.8
0.05882352941176471	1.0	2	9	0.1
0.05882352941176471	1.0	4	9	0.1
0.05882352941176471	1.0	8	9	0.1
0.05882352941176471	1.0	16	9	0.5
0.05882352941176471	1.0	32	9	0.9
0.05882352941176471	1.0	24	9	0.7
0.05882352941176471	1.0	28	9	0.9
0.05882352941176471	1.0	26	9	0.7
0.05882352941176471	1.0	27	9	0.8
0.047619047619047616	1.0	2	9	0.1
0.047619047619047616	1.0	4	9	0.1
0.047619047619047616	1.0	8	9	0.4
0.047619047619047616	1.0	16	9	0.6
0.047619047619047616	1.0	32	9	0.9
0.047619047619047616	1.0	24	9	0.7
0.047619047619047616	1.0	28	9	0.7
0.047619047619047616	1.0	30	9	1.0
0.047619047619047616	1.0	29	9	1.0
0.04	1.0	2	9	0.0
0.04	1.0	4	9	0.1
0.04	1.0	8	9	0.0
0.04	1.0	16	9	0.7
0.04	1.0	32	9	0.9
0.04	1.0	24	9	0.6
0.04	1.0	28	9	1.0
0.04	1.0	26	9	0.7
0.04	1.0	27	9	0.9
0.03448275862068965	1.0	2	9	0.1
0.03448275862068965	1.0	4	9	0.3
0.03448275862068965	1.0	8	9	0.2
0.03448275862068965	1.0	16	9	0.6
0.03448275862068965	1.0	32	9	0.9
0.03448275862068965	1.0	24	9	0.9
0.03448275862068965	1.0	20	9	0.6
0.03448275862068965	1.0	22	9	0.8
0.03448275862068965	1.0	23	9	0.5
0.030303030303030307	1.0	2	9	0.1
0.030303030303030307	1.0	4	9	0.1
0.030303030303030307	1.0	8	9	0.5
0.030303030303030307	1.0	16	9	0.7
0.030303030303030307	1.0	32	9	0.8
0.030303030303030307	1.0	64	9	1.0
0.030303030303030307	1.0	48	9	0.9
0.030303030303030307	1.0	40	9	0.9
0.030303030303030307	1.0	36	9	0.9
0.030303030303030307	1.0	34	9	1.0
0.030303030303030307	1.0	33	9	0.8
0.006666666666666667	1.0	2	9	0.0
0.006666666666666667	1.0	4	9	0.2
0.006666666666666667	1.0	8	9	0.5
0.006666666666666667	1.0	16	9	0.6
0.006666666666666667	1.0	32	9	1.0
0.006666666666666667	1.0	24	9	0.8
0.006666666666666667	1.0	28	9	0.9
0.006666666666666667	1.0	26	9	0.9
0.006666666666666667	1.0	25	9	0.8
0.0033333333333333327	1.0	2	9	0.2
0.0033333333333333327	1.0	4	9	0.3
0.0033333333333333327	1.0	8	9	0.6
0.0033333333333333327	1.0	16	9	0.7
0.0033333333333333327	1.0	32	9	1.0
0.0033333333333333327	1.0	24	9	1.0
0.0033333333333333327	1.0	20	9	1.0
0.0033333333333333327	1.0	18	9	0.6
0.0033333333333333327	1.0	19	9	0.4
1.0	2.0	2	9	0.0
1.0	2.0	4	9	0.0
1.0	2.0	8	9	0.0
1.0	2.0	16	9	0.0
1.0	2.0	32	9	0.0
1.0	2.0	64	9	0.0
1.0	2.0	128	9	0.0
1.0	2.0	256	9	0.0
1.0	2.0	512	9	0.0
1.0	2.0	1024	9	0.1
1.0	2.0	2048	9	0.3
1.0	2.0	4096	9	0.5
0.5	2.0	2	9	0.0
0.5	2.0	4	9	0.0
0.5	2.0	8	9	0.0
0.5	2.0	16	9	0.1
0.5	2.0	32	9	0.6
0.5	2.0	64	9	0.8
0.5	2.0	128	9	0.6
0.5	2.0	256	9	1.0
0.5	2.0	192	9	0.9
0.5	2.0	160	9	0.9
0.5	2.0	144	9	0.8
0.5	2.0	152	9	1.0
0.5	2.0	148	9	1.0
0.5	2.0	146	9	0.9
0.5	2.0	145	9	1.0
0.2	2.0	2	9	0.1
0.2	2.0	4	9	0.1
0.2	2.0	8	9	0.2
0.2	2.0	16	9	0.4
0.2	2.0	32	9	0.9
0.2	2.0	24	9	0.7
0.2	2.0	28	9	0.7
0.2	2.0	30	9	0.8
0.2	2.0	31	9	0.7
0.1111111111111111	2.0	2	9	0.3
0.1111111111111111	2.0	4	9	0.0
0.1111111111111111	2.0	8	9	0.6
0.1111111111111111	2.0	16	9	0.7
0.1111111111111111	2.0	32	9	1.0
0.1111111111111111	2.0	24	9	0.8
0.1111111111111111	2.0	28	9	0.7
0.1111111111111111	2.0	30	9	0.8
0.1111111111111111	2.0	31	9	0.8
0.07692307692307693	2.0	2	9	0.3
0.07692307692307693	2.0	4	9	0.2
0.07692307692307693	2.0	8	9	0.3
0.07692307692307693	2.0	16	9	0.9
0.07692307692307693	2.0	12	9	0.5
0.07692307692307693	2.0	14	9	0.7
0.07692307692307693	2.0	15	9	0.9
0.05882352941176471	2.0	2	9	0.3
0.05882352941176471	2.0	4	9	0.4
0.05882352941176471	2.0	8	9	0.6
0.05882352941176471	2.0	16	9	0.6
0.05882352941176471	2.0	32	9	1.0
0.05882352941176471	2.0	24	9	0.9
0.05882352941176471	2.0	20	9	1.0
0.05882352941176471	2.0	18	9	0.8
0.05882352941176471	2.0	19	9	0.8
0.047619047619047616	2.0	2	9	0.1
0.047619047619047616	2.0	4	9	0.3
0.047619047619047616	2.0	8	9	0.4
0.047619047619047616	2.0	16	9	1.0
0.047619047619047616	2.0	12	9	0.4
0.047619047619047616	2.0	14	9	0.8
0.047619047619047616	2.0	15	9	0.8
0.04	2.0	2	9	0.1
0.04	2.0	4	9	0.3
0.04	2.0	8	9	0.5
0.04	2.0	16	9	1.0
0.04	2.0	12	9	0.8
0.04	2.0	14	9	0.5
0.04	2.0	15	9	0.8
0.03448275862068965	2.0	2	9	0.3
0.03448275862068965	2.0	4	9	0.6
0.03448275862068965	2.0	8	9	0.5
0.03448275862068965	2.0	16	9	0.7
0.03448275862068965	2.0	32	9	1.0
0.03448275862068965	2.0	24	9	1.0
0.03448275862068965	2.0	20	9	0.8
0.03448275862068965	2.0	22	9	0.9
0.03448275862068965	2.0	21	9	1.0
0.030303030303030307	2.0	2	9	0.1
0.030303030303030307	2.0	4	9	0.5
0.030303030303030307	2.0	8	9	0.6
0.030303030303030307	2.0	16	9	0.8
0.030303030303030307	2.0	32	9	1.0
0.030303030303030307	2.0	24	9	1.0
0.030303030303030307	2.0	20	9	0.9
0.030303030303030307	2.0	18	9	1.0
0.030303030303030307	2.0	17	9	1.0
0.006666666666666667	2.0	2	9	0.2
0.006666666666666667	2.0	4	9	0.1
0.006666666666666667	2.0	8	9	0.8
0.006666666666666667	2.0	16	9	0.9
0.006666666666666667	2.0	12	9	0.7
0.006666666666666667	2.0	14	9	0.7
0.006666666666666667	2.0	15	9	0.9
0.0033333333333333327	2.0	2	9	0.3
0.0033333333333333327	2.0	4	9	0.3
0.0033333333333333327	2.0	8	9	0.8
0.0033333333333333327	2.0	16	9	0.8
0.0033333333333333327	2.0	32	9	0.9
0.0033333333333333327	2.0	24	9	1.0
0.0033333333333333327	2.0	20	9	1.0
0.0033333333333333327	2.0	18	9	0.9
0.0033333333333333327	2.0	17	9	0.9
1.0	5.0	2	9	0.0
1.0	5.0	4	9	0.0
1.0	5.0	8	9	0.0
1.0	5.0	16	9	0.0
1.0	5.0	32	9	0.0
1.0	5.0	64	9	0.0
1.0	5.0	128	9	0.0
1.0	5.0	256	9	0.0
1.0	5.0	512	9	0.0
1.0	5.0	1024	9	0.0
1.0	5.0	2048	9	0.0
1.0	5.0	4096	9	0.0
0.5	5.0	2	9	0.3
0.5	5.0	4	9	0.3
0.5	5.0	8	9	0.4
0.5	5.0	16	9	0.3
0.5	5.0	32	9	0.8
0.5	5.0	64	9	1.0
0.5	5.0	48	9	0.7
0.5	5.0	56	9	0.7
0.5	5.0	60	9	1.0
0.5	5.0	58	9	0.8
0.5	5.0	59	9	0.9
0.2	5.0	2	9	0.1
0.2	5.0	4	9	0.5
0.2	5.0	8	9	0.5
0.2	5.0	16	9	0.6
0.2	5.0	32	9	0.9
0.2	5.0	24	9	0.9
0.2	5.0	20	9	0.9
0.2	5.0	18	9	0.7
0.2	5.0	19	9	0.8
0.1111111111111111	5.0	2	9	0.3
0.1111111111111111	5.0	4	9	0.2
0.1111111111111111	5.0	8	9	0.7
0.1111111111111111	5.0	16	9	1.0
0.1111111111111111	5.0	12	9	0.9
0.1111111111111111	5.0	10	9	0.7
0.1111111111111111	5.0	11	9	0.9
0.07692307692307693	5.0	2	9	0.3
0.07692307692307693	5.0	4	9	0.9
0.07692307692307693	5.0	3	9	0.4
0.05882352941176471	5.0	2	9	0.2
0.05882352941176471	5.0	4	9	0.7
0.05882352941176471	5.0	8	9	0.7
0.05882352941176471	5.0	16	9	0.9
0.05882352941176471	5.0	12	9	0.8
0.05882352941176471	5.0	14	9	0.9
0.05882352941176471	5.0	13	9	1.0
0.047619047619047616	5.0	2	9	0.4
0.047619047619047616	5.0	4	9	0.2
0.047619047619047616	5.0	8	9	0.8
0.047619047619047616	5.0	16	9	0.9
0.047619047619047616	5.0	12	9	0.8
0.047619047619047616	5.0	14	9	1.0
0.047619047619047616	5.0	13	9	1.0
0.04	5.0	2	9	0.1
0.04	5.0	4	9	0.8
0.04	5.0	8	9	0.8
0.04	5.0	16	9	0.9
0.04	5.0	12	9	0.9
0.04	5.0	10	9	0.9
0.04	5.0	9	9	0.8
0.03448275862068965	5.0	2	9	0.3
0.03448275862068965	5.0	4	9	0.7
0.03448275862068965	5.0	8	9	0.8
0.03448275862068965	5.0	16	9	0.9
0.03448275862068965	5.0	12	9	1.0
0.03448275862068965	5.0	10	9	0.9
0.03448275862068965	5.0	9	9	0.9
0.030303030303030307	5.0	2	9	0.8
0.030303030303030307	5.0	4	9	0.9
0.030303030303030307	5.0	3	9	0.5
0.006666666666666667	5.0	2	9	0.3
0.006666666666666667	5.0	4	9	0.6
0.006666666666666667	5.0	8	9	0.9
0.006666666666666667	5.0	6	9	1.0
0.006666666666666667	5.0	5	9	0.6
0.0033333333333333327	5.0	2	9	0.5
0.0033333333333333327	5.0	4	9	0.6
0.0033333333333333327	5.0	8	9	0.7
0.0033333333333333327	5.0	16	9	0.8
0.0033333333333333327	5.0	32	9	1.0
0.0033333333333333327	5.0	24	9	1.0
0.0033333333333333327	5.0	20	9	1.0
0.0033333333333333327	5.0	18	9	0.9
0.0033333333333333327	5.0	17	9	1.0
