1.0	0.08333333333333333	2	9	0.0
1.0	0.08333333333333333	4	9	0.0
1.0	0.08333333333333333	8	9	0.0
1.0	0.08333333333333333	16	9	0.0
1.0	0.08333333333333333	32	9	0.0
1.0	0.08333333333333333	64	9	0.0
1.0	0.08333333333333333	128	9	0.0
1.0	0.08333333333333333	256	9	0.3
1.0	0.08333333333333333	512	9	0.7
1.0	0.08333333333333333	1024	9	0.9
1.0	0.08333333333333333	768	9	0.7
1.0	0.08333333333333333	896	9	0.9
1.0	0.08333333333333333	832	9	0.9
1.0	0.08333333333333333	800	9	1.0
1.0	0.08333333333333333	784	9	1.0
1.0	0.08333333333333333	776	9	0.8
1.0	0.08333333333333333	780	9	0.9
1.0	0.08333333333333333	778	9	0.9
1.0	0.08333333333333333	777	9	0.9
0.5	0.08333333333333333	2	9	0.0
0.5	0.08333333333333333	4	9	0.0
0.5	0.08333333333333333	8	9	0.0
0.5	0.08333333333333333	16	9	0.0
0.5	0.08333333333333333	32	9	0.0
0.5	0.08333333333333333	64	9	0.1
0.5	0.08333333333333333	128	9	0.1
0.5	0.08333333333333333	256	9	0.6
0.5	0.08333333333333333	512	9	0.9
0.5	0.08333333333333333	384	9	0.9
0.5	0.08333333333333333	320	9	0.4
0.5	0.08333333333333333	352	9	0.9
0.5	0.08333333333333333	336	9	0.8
0.5	0.08333333333333333	344	9	0.5
0.5	0.08333333333333333	348	9	0.5
0.5	0.08333333333333333	350	9	0.7
0.5	0.08333333333333333	351	9	0.8
0.2	0.08333333333333333	2	9	0.0
0.2	0.08333333333333333	4	9	0.0
0.2	0.08333333333333333	8	9	0.0
0.2	0.08333333333333333	16	9	0.0
0.2	0.08333333333333333	32	9	0.0
0.2	0.08333333333333333	64	9	0.0
0.2	0.08333333333333333	128	9	0.1
0.2	0.08333333333333333	256	9	0.6
0.2	0.08333333333333333	512	9	0.9
0.2	0.08333333333333333	384	9	0.9
0.2	0.08333333333333333	320	9	0.6
0.2	0.08333333333333333	352	9	1.0
0.2	0.08333333333333333	336	9	0.8
0.2	0.08333333333333333	344	9	0.9
0.2	0.08333333333333333	340	9	0.8
0.2	0.08333333333333333	342	9	0.5
0.2	0.08333333333333333	343	9	0.7
0.1111111111111111	0.08333333333333333	2	9	0.0
0.1111111111111111	0.08333333333333333	4	9	0.0
0.1111111111111111	0.08333333333333333	8	9	0.0
0.1111111111111111	0.08333333333333333	16	9	0.0
0.1111111111111111	0.08333333333333333	32	9	0.0
0.1111111111111111	0.08333333333333333	64	9	0.0
0.1111111111111111	0.08333333333333333	128	9	0.2
0.1111111111111111	0.08333333333333333	256	9	0.6
0.1111111111111111	0.08333333333333333	512	9	0.9
0.1111111111111111	0.08333333333333333	384	9	0.6
0.1111111111111111	0.08333333333333333	448	9	0.8
0.1111111111111111	0.08333333333333333	480	9	0.8
0.1111111111111111	0.08333333333333333	496	9	1.0
0.1111111111111111	0.08333333333333333	488	9	0.7
0.1111111111111111	0.08333333333333333	492	9	1.0
0.1111111111111111	0.08333333333333333	490	9	1.0
0.1111111111111111	0.08333333333333333	489	9	1.0
0.07692307692307693	0.08333333333333333	2	9	0.0
0.07692307692307693	0.08333333333333333	4	9	0.0
0.07692307692307693	0.08333333333333333	8	9	0.0
0.07692307692307693	0.08333333333333333	16	9	0.0
0.07692307692307693	0.08333333333333333	32	9	0.0
0.07692307692307693	0.08333333333333333	64	9	0.1
0.07692307692307693	0.08333333333333333	128	9	0.4
0.07692307692307693	0.08333333333333333	256	9	0.7
0.07692307692307693	0.08333333333333333	512	9	1.0
0.07692307692307693	0.08333333333333333	384	9	0.7
0.07692307692307693	0.08333333333333333	448	9	0.9
0.07692307692307693	0.08333333333333333	416	9	1.0
0.07692307692307693	0.08333333333333333	400	9	1.0
0.07692307692307693	0.08333333333333333	392	9	0.9
0.07692307692307693	0.08333333333333333	388	9	0.9
0.07692307692307693	0.08333333333333333	386	9	1.0
0.07692307692307693	0.08333333333333333	385	9	0.9
0.05882352941176471	0.08333333333333333	2	9	0.0
0.05882352941176471	0.08333333333333333	4	9	0.0
0.05882352941176471	0.08333333333333333	8	9	0.0
0.05882352941176471	0.08333333333333333	16	9	0.0
0.05882352941176471	0.08333333333333333	32	9	0.0
0.05882352941176471	0.08333333333333333	64	9	0.1
0.05882352941176471	0.08333333333333333	128	9	0.3
0.05882352941176471	0.08333333333333333	256	9	0.9
0.05882352941176471	0.08333333333333333	192	9	0.5
0.05882352941176471	0.08333333333333333	224	9	0.4
0.05882352941176471	0.08333333333333333	240	9	0.5
0.05882352941176471	0.08333333333333333	248	9	1.0
0.05882352941176471	0.08333333333333333	244	9	0.6
0.05882352941176471	0.08333333333333333	246	9	0.5
0.05882352941176471	0.08333333333333333	247	9	0.8
0.047619047619047616	0.08333333333333333	2	9	0.0
0.047619047619047616	0.08333333333333333	4	9	0.0
0.047619047619047616	0.08333333333333333	8	9	0.0
0.047619047619047616	0.08333333333333333	16	9	0.0
0.047619047619047616	0.08333333333333333	32	9	0.1
0.047619047619047616	0.08333333333333333	64	9	0.0
0.047619047619047616	0.08333333333333333	128	9	0.3
0.047619047619047616	0.08333333333333333	256	9	0.8
0.047619047619047616	0.08333333333333333	512	9	0.8
0.047619047619047616	0.08333333333333333	1024	9	1.0
0.047619047619047616	0.08333333333333333	768	9	1.0
0.047619047619047616	0.08333333333333333	640	9	1.0
0.047619047619047616	0.08333333333333333	576	9	0.9
0.047619047619047616	0.08333333333333333	544	9	1.0
0.047619047619047616	0.08333333333333333	528	9	1.0
0.047619047619047616	0.08333333333333333	520	9	1.0
0.047619047619047616	0.08333333333333333	516	9	0.7
0.047619047619047616	0.08333333333333333	518	9	0.9
0.047619047619047616	0.08333333333333333	517	9	1.0
0.04	0.08333333333333333	2	9	0.0
0.04	0.08333333333333333	4	9	0.0
0.04	0.08333333333333333	8	9	0.0
0.04	0.08333333333333333	16	9	0.0
0.04	0.08333333333333333	32	9	0.0
0.04	0.08333333333333333	64	9	0.0
0.04	0.08333333333333333	128	9	0.2
0.04	0.08333333333333333	256	9	0.8
0.04	0.08333333333333333	512	9	1.0
0.04	0.08333333333333333	384	9	0.9
0.04	0.08333333333333333	320	9	0.8
0.04	0.08333333333333333	352	9	1.0
0.04	0.08333333333333333	336	9	0.9
0.04	0.08333333333333333	328	9	1.0
0.04	0.08333333333333333	324	9	1.0
0.04	0.08333333333333333	322	9	0.9
0.04	0.08333333333333333	321	9	0.9
0.03448275862068965	0.08333333333333333	2	9	0.0
0.03448275862068965	0.08333333333333333	4	9	0.0
0.03448275862068965	0.08333333333333333	8	9	0.0
0.03448275862068965	0.08333333333333333	16	9	0.0
0.03448275862068965	0.08333333333333333	32	9	0.0
0.03448275862068965	0.08333333333333333	64	9	0.0
0.03448275862068965	0.08333333333333333	128	9	0.6
0.03448275862068965	0.08333333333333333	256	9	0.8
0.03448275862068965	0.08333333333333333	512	9	0.8
0.03448275862068965	0.08333333333333333	1024	9	1.0
0.03448275862068965	0.08333333333333333	768	9	1.0
0.03448275862068965	0.08333333333333333	640	9	1.0
0.03448275862068965	0.08333333333333333	576	9	1.0
0.03448275862068965	0.08333333333333333	544	9	0.8
0.03448275862068965	0.08333333333333333	560	9	1.0
0.03448275862068965	0.08333333333333333	552	9	0.9
0.03448275862068965	0.08333333333333333	548	9	0.9
0.03448275862068965	0.08333333333333333	546	9	1.0
0.03448275862068965	0.08333333333333333	545	9	1.0
0.030303030303030307	0.08333333333333333	2	9	0.0
0.030303030303030307	0.08333333333333333	4	9	0.0
0.030303030303030307	0.08333333333333333	8	9	0.0
0.030303030303030307	0.08333333333333333	16	9	0.0
0.030303030303030307	0.08333333333333333	32	9	0.0
0.030303030303030307	0.08333333333333333	64	9	0.0
0.030303030303030307	0.08333333333333333	128	9	0.4
0.030303030303030307	0.08333333333333333	256	9	0.8
0.030303030303030307	0.08333333333333333	512	9	1.0
0.030303030303030307	0.08333333333333333	384	9	1.0
0.030303030303030307	0.08333333333333333	320	9	0.8
0.030303030303030307	0.08333333333333333	352	9	0.7
0.030303030303030307	0.08333333333333333	368	9	1.0
0.030303030303030307	0.08333333333333333	360	9	1.0
0.030303030303030307	0.08333333333333333	356	9	0.8
0.030303030303030307	0.08333333333333333	358	9	0.8
0.030303030303030307	0.08333333333333333	359	9	0.9
0.006666666666666667	0.08333333333333333	2	9	0.0
0.006666666666666667	0.08333333333333333	4	9	0.0
0.006666666666666667	0.08333333333333333	8	9	0.0
0.006666666666666667	0.08333333333333333	16	9	0.0
0.006666666666666667	0.08333333333333333	32	9	0.0
0.006666666666666667	0.08333333333333333	64	9	0.2
0.006666666666666667	0.08333333333333333	128	9	0.4
0.006666666666666667	0.08333333333333333	256	9	0.9
0.006666666666666667	0.08333333333333333	192	9	0.6
0.006666666666666667	0.08333333333333333	224	9	0.7
0.006666666666666667	0.08333333333333333	240	9	0.8
0.006666666666666667	0.08333333333333333	248	9	1.0
0.006666666666666667	0.08333333333333333	244	9	1.0
0.006666666666666667	0.08333333333333333	242	9	0.7
0.006666666666666667	0.08333333333333333	243	9	0.8
0.0033333333333333327	0.08333333333333333	2	9	0.0
0.0033333333333333327	0.08333333333333333	4	9	0.0
0.0033333333333333327	0.08333333333333333	8	9	0.0
0.0033333333333333327	0.08333333333333333	16	9	0.0
0.0033333333333333327	0.08333333333333333	32	9	0.0
0.0033333333333333327	0.08333333333333333	64	9	0.1
0.0033333333333333327	0.08333333333333333	128	9	0.5
0.0033333333333333327	0.08333333333333333	256	9	0.9
0.0033333333333333327	0.08333333333333333	192	9	0.3
0.0033333333333333327	0.08333333333333333	224	9	0.8
0.0033333333333333327	0.08333333333333333	240	9	0.9
0.0033333333333333327	0.08333333333333333	232	9	0.6
0.0033333333333333327	0.08333333333333333	236	9	0.7
0.0033333333333333327	0.08333333333333333	238	9	0.8
0.0033333333333333327	0.08333333333333333	239	9	0.9
1.0	0.1	2	9	0.0
1.0	0.1	4	9	0.0
1.0	0.1	8	9	0.0
1.0	0.1	16	9	0.0
1.0	0.1	32	9	0.0
1.0	0.1	64	9	0.0
1.0	0.1	128	9	0.2
1.0	0.1	256	9	0.8
1.0	0.1	512	9	0.7
1.0	0.1	1024	9	0.9
1.0	0.1	768	9	0.8
1.0	0.1	896	9	1.0
1.0	0.1	832	9	1.0
1.0	0.1	800	9	0.8
1.0	0.1	816	9	0.9
1.0	0.1	808	9	0.8
1.0	0.1	812	9	0.9
1.0	0.1	810	9	0.8
1.0	0.1	811	9	0.9
0.5	0.1	2	9	0.0
0.5	0.1	4	9	0.0
0.5	0.1	8	9	0.0
0.5	0.1	16	9	0.0
0.5	0.1	32	9	0.0
0.5	0.1	64	9	0.2
0.5	0.1	128	9	0.3
0.5	0.1	256	9	0.5
0.5	0.1	512	9	0.8
0.5	0.1	1024	9	1.0
0.5	0.1	768	9	0.9
0.5	0.1	640	9	0.6
0.5	0.1	704	9	1.0
0.5	0.1	672	9	0.9
0.5	0.1	656	9	0.9
0.5	0.1	648	9	0.9
0.5	0.1	644	9	0.9
0.5	0.1	642	9	0.8
0.5	0.1	643	9	0.8
0.2	0.1	2	9	0.0
0.2	0.1	4	9	0.0
0.2	0.1	8	9	0.0
0.2	0.1	16	9	0.0
0.2	0.1	32	9	0.0
0.2	0.1	64	9	0.0
0.2	0.1	128	9	0.4
0.2	0.1	256	9	0.6
0.2	0.1	512	9	1.0
0.2	0.1	384	9	0.9
0.2	0.1	320	9	0.8
0.2	0.1	352	9	1.0
0.2	0.1	336	9	0.9
0.2	0.1	328	9	0.7
0.2	0.1	332	9	0.7
0.2	0.1	334	9	1.0
0.2	0.1	333	9	1.0
0.1111111111111111	0.1	2	9	0.0
0.1111111111111111	0.1	4	9	0.0
0.1111111111111111	0.1	8	9	0.0
0.1111111111111111	0.1	16	9	0.0
0.1111111111111111	0.1	32	9	0.0
0.1111111111111111	0.1	64	9	0.1
0.1111111111111111	0.1	128	9	0.6
0.1111111111111111	0.1	256	9	0.8
0.1111111111111111	0.1	512	9	1.0
0.1111111111111111	0.1	384	9	0.7
0.1111111111111111	0.1	448	9	0.9
0.1111111111111111	0.1	416	9	0.7
0.1111111111111111	0.1	432	9	1.0
0.1111111111111111	0.1	424	9	0.8
0.1111111111111111	0.1	428	9	0.8
0.1111111111111111	0.1	430	9	0.9
0.1111111111111111	0.1	429	9	1.0
0.07692307692307693	0.1	2	9	0.0
0.07692307692307693	0.1	4	9	0.0
0.07692307692307693	0.1	8	9	0.0
0.07692307692307693	0.1	16	9	0.0
0.07692307692307693	0.1	32	9	0.0
0.07692307692307693	0.1	64	9	0.0
0.07692307692307693	0.1	128	9	0.4
0.07692307692307693	0.1	256	9	0.7
0.07692307692307693	0.1	512	9	1.0
0.07692307692307693	0.1	384	9	0.9
0.07692307692307693	0.1	320	9	1.0
0.07692307692307693	0.1	288	9	0.7
0.07692307692307693	0.1	304	9	1.0
0.07692307692307693	0.1	296	9	0.8
0.07692307692307693	0.1	300	9	0.8
0.07692307692307693	0.1	302	9	1.0
0.07692307692307693	0.1	301	9	0.9
0.05882352941176471	0.1	2	9	0.0
0.05882352941176471	0.1	4	9	0.0
0.05882352941176471	0.1	8	9	0.0
0.05882352941176471	0.1	16	9	0.0
0.05882352941176471	0.1	32	9	0.0
0.05882352941176471	0.1	64	9	0.0
0.05882352941176471	0.1	128	9	0.3
0.05882352941176471	0.1	256	9	1.0
0.05882352941176471	0.1	192	9	0.8
0.05882352941176471	0.1	224	9	0.7
0.05882352941176471	0.1	240	9	0.8
0.05882352941176471	0.1	248	9	0.7
0.05882352941176471	0.1	252	9	0.9
0.05882352941176471	0.1	250	9	0.8
0.05882352941176471	0.1	251	9	0.8
0.047619047619047616	0.1	2	9	0.0
0.047619047619047616	0.1	4	9	0.0
0.047619047619047616	0.1	8	9	0.0
0.047619047619047616	0.1	16	9	0.0
0.047619047619047616	0.1	32	9	0.0
0.047619047619047616	0.1	64	9	0.0
0.047619047619047616	0.1	128	9	0.5
0.047619047619047616	0.1	256	9	0.8
0.047619047619047616	0.1	512	9	0.9
0.047619047619047616	0.1	384	9	1.0
0.047619047619047616	0.1	320	9	0.8
0.047619047619047616	0.1	352	9	0.6
0.047619047619047616	0.1	368	9	0.9
0.047619047619047616	0.1	360	9	0.7
0.047619047619047616	0.1	364	9	1.0
0.047619047619047616	0.1	362	9	1.0
0.047619047619047616	0.1	361	9	0.7
0.04	0.1	2	9	0.0
0.04	0.1	4	9	0.0
0.04	0.1	8	9	0.0
0.04	0.1	16	9	0.0
0.04	0.1	32	9	0.0
0.04	0.1	64	9	0.0
0.04	0.1	128	9	0.8
0.04	0.1	256	9	0.8
0.04	0.1	512	9	1.0
0.04	0.1	384	9	1.0
0.04	0.1	320	9	1.0
0.04	0.1	288	9	1.0
0.04	0.1	272	9	0.6
0.04	0.1	280	9	0.7
0.04	0.1	284	9	1.0
0.04	0.1	282	9	1.0
0.04	0.1	281	9	0.7
0.03448275862068965	0.1	2	9	0.0
0.03448275862068965	0.1	4	9	0.0
0.03448275862068965	0.1	8	9	0.0
0.03448275862068965	0.1	16	9	0.0
0.03448275862068965	0.1	32	9	0.0
0.03448275862068965	0.1	64	9	0.0
0.03448275862068965	0.1	128	9	0.2
0.03448275862068965	0.1	256	9	0.9
0.03448275862068965	0.1	192	9	0.7
0.03448275862068965	0.1	224	9	0.9
0.03448275862068965	0.1	208	9	0.8
0.03448275862068965	0.1	216	9	0.7
0.03448275862068965	0.1	220	9	0.8
0.03448275862068965	0.1	222	9	0.8
0.03448275862068965	0.1	223	9	0.7
0.030303030303030307	0.1	2	9	0.0
0.030303030303030307	0.1	4	9	0.0
0.030303030303030307	0.1	8	9	0.0
0.030303030303030307	0.1	16	9	0.0
0.030303030303030307	0.1	32	9	0.0
0.030303030303030307	0.1	64	9	0.1
0.030303030303030307	0.1	128	9	0.6
0.030303030303030307	0.1	256	9	0.8
0.030303030303030307	0.1	512	9	1.0
0.030303030303030307	0.1	384	9	1.0
0.030303030303030307	0.1	320	9	0.9
0.030303030303030307	0.1	288	9	0.9
0.030303030303030307	0.1	272	9	0.8
0.030303030303030307	0.1	280	9	0.8
0.030303030303030307	0.1	284	9	0.9
0.030303030303030307	0.1	282	9	0.8
0.030303030303030307	0.1	283	9	1.0
0.006666666666666667	0.1	2	9	0.0
0.006666666666666667	0.1	4	9	0.0
0.006666666666666667	0.1	8	9	0.0
0.006666666666666667	0.1	16	9	0.0
0.006666666666666667	0.1	32	9	0.1
0.006666666666666667	0.1	64	9	0.3
0.006666666666666667	0.1	128	9	0.3
0.006666666666666667	0.1	256	9	0.9
0.006666666666666667	0.1	192	9	0.8
0.006666666666666667	0.1	224	9	0.4
0.006666666666666667	0.1	240	9	0.7
0.006666666666666667	0.1	248	9	0.9
0.006666666666666667	0.1	244	9	1.0
0.006666666666666667	0.1	242	9	0.9
0.006666666666666667	0.1	241	9	0.9
0.0033333333333333327	0.1	2	9	0.0
0.0033333333333333327	0.1	4	9	0.0
0.0033333333333333327	0.1	8	9	0.0
0.0033333333333333327	0.1	16	9	0.0
0.0033333333333333327	0.1	32	9	0.0
0.0033333333333333327	0.1	64	9	0.1
0.0033333333333333327	0.1	128	9	0.6
0.0033333333333333327	0.1	256	9	0.8
0.0033333333333333327	0.1	512	9	1.0
0.0033333333333333327	0.1	384	9	0.8
0.0033333333333333327	0.1	448	9	1.0
0.0033333333333333327	0.1	416	9	0.9
0.0033333333333333327	0.1	400	9	0.9
0.0033333333333333327	0.1	392	9	0.9
0.0033333333333333327	0.1	388	9	1.0
0.0033333333333333327	0.1	386	9	1.0
0.0033333333333333327	0.1	385	9	1.0
1.0	0.125	2	9	0.0
1.0	0.125	4	9	0.0
1.0	0.125	8	9	0.0
1.0	0.125	16	9	0.0
1.0	0.125	32	9	0.0
1.0	0.125	64	9	0.0
1.0	0.125	128	9	0.1
1.0	0.125	256	9	0.5
1.0	0.125	512	9	0.7
1.0	0.125	1024	9	0.8
1.0	0.125	2048	9	1.0
1.0	0.125	1536	9	0.9
1.0	0.125	1280	9	1.0
1.0	0.125	1152	9	1.0
1.0	0.125	1088	9	1.0
1.0	0.125	1056	9	0.9
1.0	0.125	1040	9	1.0
1.0	0.125	1032	9	1.0
1.0	0.125	1028	9	1.0
1.0	0.125	1026	9	0.9
1.0	0.125	1025	9	1.0
0.5	0.125	2	9	0.0
0.5	0.125	4	9	0.0
0.5	0.125	8	9	0.0
0.5	0.125	16	9	0.0
0.5	0.125	32	9	0.0
0.5	0.125	64	9	0.0
0.5	0.125	128	9	0.3
0.5	0.125	256	9	0.8
0.5	0.125	512	9	0.7
0.5	0.125	1024	9	1.0
0.5	0.125	768	9	1.0
0.5	0.125	640	9	1.0
0.5	0.125	576	9	1.0
0.5	0.125	544	9	0.9
0.5	0.125	528	9	0.9
0.5	0.125	520	9	0.8
0.5	0.125	524	9	0.9
0.5	0.125	522	9	1.0
0.5	0.125	521	9	0.9
0.2	0.125	2	9	0.0
0.2	0.125	4	9	0.0
0.2	0.125	8	9	0.0
0.2	0.125	16	9	0.0
0.2	0.125	32	9	0.0
0.2	0.125	64	9	0.1
0.2	0.125	128	9	0.3
0.2	0.125	256	9	0.9
0.2	0.125	192	9	0.4
0.2	0.125	224	9	0.8
0.2	0.125	240	9	0.5
0.2	0.125	248	9	0.8
0.2	0.125	252	9	0.8
0.2	0.125	254	9	0.7
0.2	0.125	255	9	0.6
0.1111111111111111	0.125	2	9	0.0
0.1111111111111111	0.125	4	9	0.0
0.1111111111111111	0.125	8	9	0.0
0.1111111111111111	0.125	16	9	0.0
0.1111111111111111	0.125	32	9	0.0
0.1111111111111111	0.125	64	9	0.2
0.1111111111111111	0.125	128	9	0.4
0.1111111111111111	0.125	256	9	0.8
0.1111111111111111	0.125	512	9	1.0
0.1111111111111111	0.125	384	9	0.9
0.1111111111111111	0.125	320	9	0.9
0.1111111111111111	0.125	288	9	1.0
0.1111111111111111	0.125	272	9	1.0
0.1111111111111111	0.125	264	9	0.9
0.1111111111111111	0.125	260	9	1.0
0.1111111111111111	0.125	258	9	1.0
0.1111111111111111	0.125	257	9	0.7
0.07692307692307693	0.125	2	9	0.0
0.07692307692307693	0.125	4	9	0.0
0.07692307692307693	0.125	8	9	0.0
0.07692307692307693	0.125	16	9	0.0
0.07692307692307693	0.125	32	9	0.0
0.07692307692307693	0.125	64	9	0.3
0.07692307692307693	0.125	128	9	0.5
0.07692307692307693	0.125	256	9	1.0
0.07692307692307693	0.125	192	9	0.9
0.07692307692307693	0.125	160	9	0.6
0.07692307692307693	0.125	176	9	0.5
0.07692307692307693	0.125	184	9	0.6
0.07692307692307693	0.125	188	9	0.7
0.07692307692307693	0.125	190	9	0.8
0.07692307692307693	0.125	191	9	0.4
0.05882352941176471	0.125	2	9	0.0
0.05882352941176471	0.125	4	9	0.0
0.05882352941176471	0.125	8	9	0.0
0.05882352941176471	0.125	16	9	0.0
0.05882352941176471	0.125	32	9	0.0
0.05882352941176471	0.125	64	9	0.3
0.05882352941176471	0.125	128	9	0.8
0.05882352941176471	0.125	256	9	0.9
0.05882352941176471	0.125	192	9	0.8
0.05882352941176471	0.125	224	9	0.7
0.05882352941176471	0.125	240	9	0.9
0.05882352941176471	0.125	232	9	0.8
0.05882352941176471	0.125	236	9	0.9
0.05882352941176471	0.125	234	9	0.9
0.05882352941176471	0.125	233	9	0.8
0.047619047619047616	0.125	2	9	0.0
0.047619047619047616	0.125	4	9	0.0
0.047619047619047616	0.125	8	9	0.0
0.047619047619047616	0.125	16	9	0.0
0.047619047619047616	0.125	32	9	0.0
0.047619047619047616	0.125	64	9	0.3
0.047619047619047616	0.125	128	9	0.5
0.047619047619047616	0.125	256	9	0.9
0.047619047619047616	0.125	192	9	0.9
0.047619047619047616	0.125	160	9	0.8
0.047619047619047616	0.125	176	9	0.6
0.047619047619047616	0.125	184	9	0.8
0.047619047619047616	0.125	188	9	1.0
0.047619047619047616	0.125	186	9	0.9
0.047619047619047616	0.125	185	9	0.8
0.04	0.125	2	9	0.0
0.04	0.125	4	9	0.0
0.04	0.125	8	9	0.0
0.04	0.125	16	9	0.0
0.04	0.125	32	9	0.0
0.04	0.125	64	9	0.1
0.04	0.125	128	9	0.9
0.04	0.125	96	9	0.3
0.04	0.125	112	9	0.7
0.04	0.125	120	9	0.9
0.04	0.125	116	9	0.5
0.04	0.125	118	9	0.5
0.04	0.125	119	9	0.6
0.03448275862068965	0.125	2	9	0.0
0.03448275862068965	0.125	4	9	0.0
0.03448275862068965	0.125	8	9	0.0
0.03448275862068965	0.125	16	9	0.0
0.03448275862068965	0.125	32	9	0.0
0.03448275862068965	0.125	64	9	0.2
0.03448275862068965	0.125	128	9	0.7
0.03448275862068965	0.125	256	9	1.0
0.03448275862068965	0.125	192	9	0.9
0.03448275862068965	0.125	160	9	0.9
0.03448275862068965	0.125	144	9	0.5
0.03448275862068965	0.125	152	9	0.8
0.03448275862068965	0.125	156	9	0.7
0.03448275862068965	0.125	158	9	0.6
0.03448275862068965	0.125	159	9	0.7
0.030303030303030307	0.125	2	9	0.0
0.030303030303030307	0.125	4	9	0.0
0.030303030303030307	0.125	8	9	0.0
0.030303030303030307	0.125	16	9	0.0
0.030303030303030307	0.125	32	9	0.1
0.030303030303030307	0.125	64	9	0.3
0.030303030303030307	0.125	128	9	0.7
0.030303030303030307	0.125	256	9	1.0
0.030303030303030307	0.125	192	9	0.7
0.030303030303030307	0.125	224	9	0.8
0.030303030303030307	0.125	240	9	0.9
0.030303030303030307	0.125	232	9	0.8
0.030303030303030307	0.125	236	9	0.9
0.030303030303030307	0.125	234	9	0.8
0.030303030303030307	0.125	235	9	0.7
0.006666666666666667	0.125	2	9	0.0
0.006666666666666667	0.125	4	9	0.0
0.006666666666666667	0.125	8	9	0.0
0.006666666666666667	0.125	16	9	0.1
0.006666666666666667	0.125	32	9	0.0
0.006666666666666667	0.125	64	9	0.2
0.006666666666666667	0.125	128	9	0.5
0.006666666666666667	0.125	256	9	0.8
0.006666666666666667	0.125	512	9	1.0
0.006666666666666667	0.125	384	9	0.8
0.006666666666666667	0.125	448	9	1.0
0.006666666666666667	0.125	416	9	1.0
0.006666666666666667	0.125	400	9	1.0
0.006666666666666667	0.125	392	9	1.0
0.006666666666666667	0.125	388	9	1.0
0.006666666666666667	0.125	386	9	1.0
0.006666666666666667	0.125	385	9	1.0
0.0033333333333333327	0.125	2	9	0.0
0.0033333333333333327	0.125	4	9	0.0
0.0033333333333333327	0.125	8	9	0.0
0.0033333333333333327	0.125	16	9	0.0
0.0033333333333333327	0.125	32	9	0.1
0.0033333333333333327	0.125	64	9	0.2
0.0033333333333333327	0.125	128	9	0.3
0.0033333333333333327	0.125	256	9	1.0
0.0033333333333333327	0.125	192	9	0.8
0.0033333333333333327	0.125	224	9	0.9
0.0033333333333333327	0.125	208	9	0.9
0.0033333333333333327	0.125	200	9	0.9
0.0033333333333333327	0.125	196	9	0.9
0.0033333333333333327	0.125	194	9	1.0
0.0033333333333333327	0.125	193	9	0.8
1.0	0.16666666666666666	2	9	0.0
1.0	0.16666666666666666	4	9	0.0
1.0	0.16666666666666666	8	9	0.0
1.0	0.16666666666666666	16	9	0.0
1.0	0.16666666666666666	32	9	0.0
1.0	0.16666666666666666	64	9	0.0
1.0	0.16666666666666666	128	9	0.1
1.0	0.16666666666666666	256	9	0.4
1.0	0.16666666666666666	512	9	0.9
1.0	0.16666666666666666	384	9	0.6
1.0	0.16666666666666666	448	9	0.8
1.0	0.16666666666666666	480	9	0.9
1.0	0.16666666666666666	464	9	0.7
1.0	0.16666666666666666	472	9	0.9
1.0	0.16666666666666666	468	9	0.9
1.0	0.16666666666666666	466	9	1.0
1.0	0.16666666666666666	465	9	0.7
0.5	0.16666666666666666	2	9	0.0
0.5	0.16666666666666666	4	9	0.0
0.5	0.16666666666666666	8	9	0.0
0.5	0.16666666666666666	16	9	0.0
0.5	0.16666666666666666	32	9	0.0
0.5	0.16666666666666666	64	9	0.0
0.5	0.16666666666666666	128	9	0.5
0.5	0.16666666666666666	256	9	0.5
0.5	0.16666666666666666	512	9	0.9
0.5	0.16666666666666666	384	9	0.9
0.5	0.16666666666666666	320	9	0.8
0.5	0.16666666666666666	352	9	0.9
0.5	0.16666666666666666	336	9	1.0
0.5	0.16666666666666666	328	9	1.0
0.5	0.16666666666666666	324	9	0.8
0.5	0.16666666666666666	326	9	0.7
0.5	0.16666666666666666	327	9	0.8
0.2	0.16666666666666666	2	9	0.0
0.2	0.16666666666666666	4	9	0.0
0.2	0.16666666666666666	8	9	0.0
0.2	0.16666666666666666	16	9	0.0
0.2	0.16666666666666666	32	9	0.0
0.2	0.16666666666666666	64	9	0.2
0.2	0.16666666666666666	128	9	0.9
0.2	0.16666666666666666	96	9	0.6
0.2	0.16666666666666666	112	9	0.6
0.2	0.16666666666666666	120	9	0.7
0.2	0.16666666666666666	124	9	0.4
0.2	0.16666666666666666	126	9	0.7
0.2	0.16666666666666666	127	9	0.4
0.1111111111111111	0.16666666666666666	2	9	0.0
0.1111111111111111	0.16666666666666666	4	9	0.0
0.1111111111111111	0.16666666666666666	8	9	0.0
0.1111111111111111	0.16666666666666666	16	9	0.0
0.1111111111111111	0.16666666666666666	32	9	0.1
0.1111111111111111	0.16666666666666666	64	9	0.3
0.1111111111111111	0.16666666666666666	128	9	0.4
0.1111111111111111	0.16666666666666666	256	9	0.9
0.1111111111111111	0.16666666666666666	192	9	0.7
0.1111111111111111	0.16666666666666666	224	9	0.7
0.1111111111111111	0.16666666666666666	240	9	0.9
0.1111111111111111	0.16666666666666666	232	9	0.9
0.1111111111111111	0.16666666666666666	228	9	1.0
0.1111111111111111	0.16666666666666666	226	9	1.0
0.1111111111111111	0.16666666666666666	225	9	0.9
0.07692307692307693	0.16666666666666666	2	9	0.0
0.07692307692307693	0.16666666666666666	4	9	0.0
0.07692307692307693	0.16666666666666666	8	9	0.0
0.07692307692307693	0.16666666666666666	16	9	0.0
0.07692307692307693	0.16666666666666666	32	9	0.0
0.07692307692307693	0.16666666666666666	64	9	0.2
0.07692307692307693	0.16666666666666666	128	9	0.7
0.07692307692307693	0.16666666666666666	256	9	0.9
0.07692307692307693	0.16666666666666666	192	9	0.8
0.07692307692307693	0.16666666666666666	224	9	1.0
0.07692307692307693	0.16666666666666666	208	9	0.9
0.07692307692307693	0.16666666666666666	200	9	0.8
0.07692307692307693	0.16666666666666666	204	9	1.0
0.07692307692307693	0.16666666666666666	202	9	0.8
0.07692307692307693	0.16666666666666666	203	9	0.8
0.05882352941176471	0.16666666666666666	2	9	0.0
0.05882352941176471	0.16666666666666666	4	9	0.0
0.05882352941176471	0.16666666666666666	8	9	0.0
0.05882352941176471	0.16666666666666666	16	9	0.0
0.05882352941176471	0.16666666666666666	32	9	0.1
0.05882352941176471	0.16666666666666666	64	9	0.3
0.05882352941176471	0.16666666666666666	128	9	0.6
0.05882352941176471	0.16666666666666666	256	9	1.0
0.05882352941176471	0.16666666666666666	192	9	0.8
0.05882352941176471	0.16666666666666666	224	9	0.9
0.05882352941176471	0.16666666666666666	208	9	0.8
0.05882352941176471	0.16666666666666666	216	9	1.0
0.05882352941176471	0.16666666666666666	212	9	0.9
0.05882352941176471	0.16666666666666666	210	9	0.9
0.05882352941176471	0.16666666666666666	209	9	0.8
0.047619047619047616	0.16666666666666666	2	9	0.0
0.047619047619047616	0.16666666666666666	4	9	0.0
0.047619047619047616	0.16666666666666666	8	9	0.0
0.047619047619047616	0.16666666666666666	16	9	0.0
0.047619047619047616	0.16666666666666666	32	9	0.0
0.047619047619047616	0.16666666666666666	64	9	0.4
0.047619047619047616	0.16666666666666666	128	9	0.9
0.047619047619047616	0.16666666666666666	96	9	0.7
0.047619047619047616	0.16666666666666666	112	9	0.6
0.047619047619047616	0.16666666666666666	120	9	0.8
0.047619047619047616	0.16666666666666666	124	9	0.9
0.047619047619047616	0.16666666666666666	122	9	0.6
0.047619047619047616	0.16666666666666666	123	9	0.7
0.04	0.16666666666666666	2	9	0.0
0.04	0.16666666666666666	4	9	0.0
0.04	0.16666666666666666	8	9	0.0
0.04	0.16666666666666666	16	9	0.0
0.04	0.16666666666666666	32	9	0.1
0.04	0.16666666666666666	64	9	0.3
0.04	0.16666666666666666	128	9	0.8
0.04	0.16666666666666666	256	9	1.0
0.04	0.16666666666666666	192	9	0.5
0.04	0.16666666666666666	224	9	0.9
0.04	0.16666666666666666	208	9	0.9
0.04	0.16666666666666666	200	9	1.0
0.04	0.16666666666666666	196	9	0.9
0.04	0.16666666666666666	194	9	0.6
0.04	0.16666666666666666	195	9	0.8
0.03448275862068965	0.16666666666666666	2	9	0.0
0.03448275862068965	0.16666666666666666	4	9	0.0
0.03448275862068965	0.16666666666666666	8	9	0.0
0.03448275862068965	0.16666666666666666	16	9	0.0
0.03448275862068965	0.16666666666666666	32	9	0.2
0.03448275862068965	0.16666666666666666	64	9	0.3
0.03448275862068965	0.16666666666666666	128	9	0.5
0.03448275862068965	0.16666666666666666	256	9	0.9
0.03448275862068965	0.16666666666666666	192	9	0.8
0.03448275862068965	0.16666666666666666	224	9	0.9
0.03448275862068965	0.16666666666666666	208	9	1.0
0.03448275862068965	0.16666666666666666	200	9	1.0
0.03448275862068965	0.16666666666666666	196	9	0.9
0.03448275862068965	0.16666666666666666	194	9	0.9
0.03448275862068965	0.16666666666666666	193	9	0.9
0.030303030303030307	0.16666666666666666	2	9	0.0
0.030303030303030307	0.16666666666666666	4	9	0.0
0.030303030303030307	0.16666666666666666	8	9	0.0
0.030303030303030307	0.16666666666666666	16	9	0.0
0.030303030303030307	0.16666666666666666	32	9	0.1
0.030303030303030307	0.16666666666666666	64	9	0.3
0.030303030303030307	0.16666666666666666	128	9	0.8
0.030303030303030307	0.16666666666666666	256	9	1.0
0.030303030303030307	0.16666666666666666	192	9	0.9
0.030303030303030307	0.16666666666666666	160	9	0.8
0.030303030303030307	0.16666666666666666	176	9	0.6
0.030303030303030307	0.16666666666666666	184	9	1.0
0.030303030303030307	0.16666666666666666	180	9	1.0
0.030303030303030307	0.16666666666666666	178	9	1.0
0.030303030303030307	0.16666666666666666	177	9	0.9
0.006666666666666667	0.16666666666666666	2	9	0.0
0.006666666666666667	0.16666666666666666	4	9	0.0
0.006666666666666667	0.16666666666666666	8	9	0.0
0.006666666666666667	0.16666666666666666	16	9	0.0
0.006666666666666667	0.16666666666666666	32	9	0.1
0.006666666666666667	0.16666666666666666	64	9	0.3
0.006666666666666667	0.16666666666666666	128	9	0.9
0.006666666666666667	0.16666666666666666	96	9	0.8
0.006666666666666667	0.16666666666666666	112	9	0.8
0.006666666666666667	0.16666666666666666	120	9	0.8
0.006666666666666667	0.16666666666666666	124	9	0.7
0.006666666666666667	0.16666666666666666	126	9	0.7
0.006666666666666667	0.16666666666666666	127	9	0.9
0.0033333333333333327	0.16666666666666666	2	9	0.0
0.0033333333333333327	0.16666666666666666	4	9	0.0
0.0033333333333333327	0.16666666666666666	8	9	0.0
0.0033333333333333327	0.16666666666666666	16	9	0.0
0.0033333333333333327	0.16666666666666666	32	9	0.2
0.0033333333333333327	0.16666666666666666	64	9	0.5
0.0033333333333333327	0.16666666666666666	128	9	0.7
0.0033333333333333327	0.16666666666666666	256	9	0.8
0.0033333333333333327	0.16666666666666666	512	9	1.0
0.0033333333333333327	0.16666666666666666	384	9	1.0
0.0033333333333333327	0.16666666666666666	320	9	1.0
0.0033333333333333327	0.16666666666666666	288	9	1.0
0.0033333333333333327	0.16666666666666666	272	9	0.9
0.0033333333333333327	0.16666666666666666	264	9	0.8
0.0033333333333333327	0.16666666666666666	268	9	0.9
0.0033333333333333327	0.16666666666666666	266	9	1.0
0.0033333333333333327	0.16666666666666666	265	9	0.9
1.0	0.25	2	9	0.0
1.0	0.25	4	9	0.0
1.0	0.25	8	9	0.0
1.0	0.25	16	9	0.0
1.0	0.25	32	9	0.0
1.0	0.25	64	9	0.0
1.0	0.25	128	9	0.2
1.0	0.25	256	9	0.6
1.0	0.25	512	9	0.7
1.0	0.25	1024	9	1.0
1.0	0.25	768	9	1.0
1.0	0.25	640	9	0.9
1.0	0.25	576	9	1.0
1.0	0.25	544	9	0.6
1.0	0.25	560	9	0.9
1.0	0.25	552	9	0.8
1.0	0.25	556	9	1.0
1.0	0.25	554	9	0.9
1.0	0.25	553	9	0.8
0.5	0.25	2	9	0.0
0.5	0.25	4	9	0.0
0.5	0.25	8	9	0.0
0.5	0.25	16	9	0.0
0.5	0.25	32	9	0.0
0.5	0.25	64	9	0.2
0.5	0.25	128	9	0.6
0.5	0.25	256	9	0.8
0.5	0.25	512	9	0.8
0.5	0.25	1024	9	1.0
0.5	0.25	768	9	1.0
0.5	0.25	640	9	1.0
0.5	0.25	576	9	0.9
0.5	0.25	544	9	1.0
0.5	0.25	528	9	0.9
0.5	0.25	520	9	1.0
0.5	0.25	516	9	1.0
0.5	0.25	514	9	0.9
0.5	0.25	513	9	1.0
0.2	0.25	2	9	0.0
0.2	0.25	4	9	0.0
0.2	0.25	8	9	0.0
0.2	0.25	16	9	0.0
0.2	0.25	32	9	0.0
0.2	0.25	64	9	0.6
0.2	0.25	128	9	0.8
0.2	0.25	256	9	0.9
0.2	0.25	192	9	0.8
0.2	0.25	224	9	0.8
0.2	0.25	240	9	0.9
0.2	0.25	232	9	1.0
0.2	0.25	228	9	0.9
0.2	0.25	226	9	1.0
0.2	0.25	225	9	0.8
0.1111111111111111	0.25	2	9	0.0
0.1111111111111111	0.25	4	9	0.0
0.1111111111111111	0.25	8	9	0.0
0.1111111111111111	0.25	16	9	0.0
0.1111111111111111	0.25	32	9	0.2
0.1111111111111111	0.25	64	9	0.5
0.1111111111111111	0.25	128	9	0.9
0.1111111111111111	0.25	96	9	0.4
0.1111111111111111	0.25	112	9	0.7
0.1111111111111111	0.25	120	9	0.9
0.1111111111111111	0.25	116	9	1.0
0.1111111111111111	0.25	114	9	0.9
0.1111111111111111	0.25	113	9	0.8
0.07692307692307693	0.25	2	9	0.0
0.07692307692307693	0.25	4	9	0.0
0.07692307692307693	0.25	8	9	0.0
0.07692307692307693	0.25	16	9	0.0
0.07692307692307693	0.25	32	9	0.1
0.07692307692307693	0.25	64	9	0.8
0.07692307692307693	0.25	128	9	1.0
0.07692307692307693	0.25	96	9	0.6
0.07692307692307693	0.25	112	9	0.8
0.07692307692307693	0.25	120	9	1.0
0.07692307692307693	0.25	116	9	0.9
0.07692307692307693	0.25	114	9	0.9
0.07692307692307693	0.25	113	9	0.7
0.05882352941176471	0.25	2	9	0.0
0.05882352941176471	0.25	4	9	0.0
0.05882352941176471	0.25	8	9	0.0
0.05882352941176471	0.25	16	9	0.0
0.05882352941176471	0.25	32	9	0.0
0.05882352941176471	0.25	64	9	0.6
0.05882352941176471	0.25	128	9	0.8
0.05882352941176471	0.25	256	9	1.0
0.05882352941176471	0.25	192	9	0.9
0.05882352941176471	0.25	160	9	0.9
0.05882352941176471	0.25	144	9	0.9
0.05882352941176471	0.25	136	9	0.9
0.05882352941176471	0.25	132	9	1.0
0.05882352941176471	0.25	130	9	0.8
0.05882352941176471	0.25	131	9	0.7
0.047619047619047616	0.25	2	9	0.0
0.047619047619047616	0.25	4	9	0.0
0.047619047619047616	0.25	8	9	0.0
0.047619047619047616	0.25	16	9	0.0
0.047619047619047616	0.25	32	9	0.2
0.047619047619047616	0.25	64	9	0.7
0.047619047619047616	0.25	128	9	0.8
0.047619047619047616	0.25	256	9	1.0
0.047619047619047616	0.25	192	9	0.9
0.047619047619047616	0.25	160	9	1.0
0.047619047619047616	0.25	144	9	1.0
0.047619047619047616	0.25	136	9	1.0
0.047619047619047616	0.25	132	9	0.8
0.047619047619047616	0.25	134	9	1.0
0.047619047619047616	0.25	133	9	1.0
0.04	0.25	2	9	0.0
0.04	0.25	4	9	0.0
0.04	0.25	8	9	0.0
0.04	0.25	16	9	0.0
0.04	0.25	32	9	0.1
0.04	0.25	64	9	0.7
0.04	0.25	128	9	0.9
0.04	0.25	96	9	0.8
0.04	0.25	112	9	1.0
0.04	0.25	104	9	0.7
0.04	0.25	108	9	0.9
0.04	0.25	106	9	0.9
0.04	0.25	105	9	1.0
0.03448275862068965	0.25	2	9	0.0
0.03448275862068965	0.25	4	9	0.0
0.03448275862068965	0.25	8	9	0.0
0.03448275862068965	0.25	16	9	0.0
0.03448275862068965	0.25	32	9	0.3
0.03448275862068965	0.25	64	9	0.8
0.03448275862068965	0.25	128	9	0.9
0.03448275862068965	0.25	96	9	0.8
0.03448275862068965	0.25	112	9	0.7
0.03448275862068965	0.25	120	9	0.9
0.03448275862068965	0.25	116	9	0.8
0.03448275862068965	0.25	118	9	1.0
0.03448275862068965	0.25	117	9	0.9
0.030303030303030307	0.25	2	9	0.0
0.030303030303030307	0.25	4	9	0.0
0.030303030303030307	0.25	8	9	0.0
0.030303030303030307	0.25	16	9	0.0
0.030303030303030307	0.25	32	9	0.0
0.030303030303030307	0.25	64	9	0.4
0.030303030303030307	0.25	128	9	0.8
0.030303030303030307	0.25	256	9	1.0
0.030303030303030307	0.25	192	9	1.0
0.030303030303030307	0.25	160	9	0.9
0.030303030303030307	0.25	144	9	0.9
0.030303030303030307	0.25	136	9	0.9
0.030303030303030307	0.25	132	9	0.5
0.030303030303030307	0.25	134	9	0.8
0.030303030303030307	0.25	135	9	0.9
0.006666666666666667	0.25	2	9	0.0
0.006666666666666667	0.25	4	9	0.0
0.006666666666666667	0.25	8	9	0.0
0.006666666666666667	0.25	16	9	0.1
0.006666666666666667	0.25	32	9	0.1
0.006666666666666667	0.25	64	9	0.6
0.006666666666666667	0.25	128	9	1.0
0.006666666666666667	0.25	96	9	0.9
0.006666666666666667	0.25	80	9	0.8
0.006666666666666667	0.25	88	9	0.7
0.006666666666666667	0.25	92	9	0.6
0.006666666666666667	0.25	94	9	0.8
0.006666666666666667	0.25	95	9	0.8
0.0033333333333333327	0.25	2	9	0.0
0.0033333333333333327	0.25	4	9	0.0
0.0033333333333333327	0.25	8	9	0.0
0.0033333333333333327	0.25	16	9	0.0
0.0033333333333333327	0.25	32	9	0.1
0.0033333333333333327	0.25	64	9	0.7
0.0033333333333333327	0.25	128	9	1.0
0.0033333333333333327	0.25	96	9	1.0
0.0033333333333333327	0.25	80	9	0.7
0.0033333333333333327	0.25	88	9	0.7
0.0033333333333333327	0.25	92	9	0.6
0.0033333333333333327	0.25	94	9	0.9
0.0033333333333333327	0.25	93	9	0.9
1.0	0.5	2	9	0.0
1.0	0.5	4	9	0.0
1.0	0.5	8	9	0.0
1.0	0.5	16	9	0.0
1.0	0.5	32	9	0.0
1.0	0.5	64	9	0.0
1.0	0.5	128	9	0.2
1.0	0.5	256	9	0.2
1.0	0.5	512	9	0.6
1.0	0.5	1024	9	1.0
1.0	0.5	768	9	1.0
1.0	0.5	640	9	0.9
1.0	0.5	576	9	0.8
1.0	0.5	608	9	0.9
1.0	0.5	592	9	0.9
1.0	0.5	584	9	0.8
1.0	0.5	588	9	0.6
1.0	0.5	590	9	0.4
1.0	0.5	591	9	0.7
0.5	0.5	2	9	0.0
0.5	0.5	4	9	0.0
0.5	0.5	8	9	0.0
0.5	0.5	16	9	0.0
0.5	0.5	32	9	0.0
0.5	0.5	64	9	0.4
0.5	0.5	128	9	0.6
0.5	0.5	256	9	0.9
0.5	0.5	192	9	0.7
0.5	0.5	224	9	1.0
0.5	0.5	208	9	0.8
0.5	0.5	216	9	0.9
0.5	0.5	212	9	0.9
0.5	0.5	210	9	0.7
0.5	0.5	211	9	0.5
0.2	0.5	2	9	0.0
0.2	0.5	4	9	0.0
0.2	0.5	8	9	0.0
0.2	0.5	16	9	0.0
0.2	0.5	32	9	0.2
0.2	0.5	64	9	0.7
0.2	0.5	128	9	0.9
0.2	0.5	96	9	0.7
0.2	0.5	112	9	0.8
0.2	0.5	120	9	1.0
0.2	0.5	116	9	0.9
0.2	0.5	114	9	0.8
0.2	0.5	115	9	0.7
0.1111111111111111	0.5	2	9	0.0
0.1111111111111111	0.5	4	9	0.0
0.1111111111111111	0.5	8	9	0.0
0.1111111111111111	0.5	16	9	0.0
0.1111111111111111	0.5	32	9	0.3
0.1111111111111111	0.5	64	9	0.9
0.1111111111111111	0.5	48	9	0.8
0.1111111111111111	0.5	56	9	0.9
0.1111111111111111	0.5	52	9	0.8
0.1111111111111111	0.5	54	9	0.8
0.1111111111111111	0.5	55	9	0.5
0.07692307692307693	0.5	2	9	0.0
0.07692307692307693	0.5	4	9	0.0
0.07692307692307693	0.5	8	9	0.0
0.07692307692307693	0.5	16	9	0.0
0.07692307692307693	0.5	32	9	0.5
0.07692307692307693	0.5	64	9	0.6
0.07692307692307693	0.5	128	9	1.0
0.07692307692307693	0.5	96	9	1.0
0.07692307692307693	0.5	80	9	0.9
0.07692307692307693	0.5	72	9	1.0
0.07692307692307693	0.5	68	9	0.8
0.07692307692307693	0.5	70	9	0.9
0.07692307692307693	0.5	69	9	0.7
0.05882352941176471	0.5	2	9	0.0
0.05882352941176471	0.5	4	9	0.0
0.05882352941176471	0.5	8	9	0.0
0.05882352941176471	0.5	16	9	0.1
0.05882352941176471	0.5	32	9	0.3
0.05882352941176471	0.5	64	9	0.7
0.05882352941176471	0.5	128	9	1.0
0.05882352941176471	0.5	96	9	0.9
0.05882352941176471	0.5	80	9	1.0
0.05882352941176471	0.5	72	9	0.9
0.05882352941176471	0.5	68	9	0.7
0.05882352941176471	0.5	70	9	1.0
0.05882352941176471	0.5	69	9	0.9
0.047619047619047616	0.5	2	9	0.0
0.047619047619047616	0.5	4	9	0.0
0.047619047619047616	0.5	8	9	0.1
0.047619047619047616	0.5	16	9	0.1
0.047619047619047616	0.5	32	9	0.3
0.047619047619047616	0.5	64	9	1.0
0.047619047619047616	0.5	48	9	0.5
0.047619047619047616	0.5	56	9	0.6
0.047619047619047616	0.5	60	9	0.8
0.047619047619047616	0.5	62	9	0.5
0.047619047619047616	0.5	63	9	0.7
0.04	0.5	2	9	0.0
0.04	0.5	4	9	0.0
0.04	0.5	8	9	0.0
0.04	0.5	16	9	0.0
0.04	0.5	32	9	0.5
0.04	0.5	64	9	1.0
0.04	0.5	48	9	0.6
0.04	0.5	56	9	0.7
0.04	0.5	60	9	0.9
0.04	0.5	58	9	0.8
0.04	0.5	59	9	0.9
0.03448275862068965	0.5	2	9	0.0
0.03448275862068965	0.5	4	9	0.0
0.03448275862068965	0.5	8	9	0.0
0.03448275862068965	0.5	16	9	0.1
0.03448275862068965	0.5	32	9	0.6
0.03448275862068965	0.5	64	9	0.8
0.03448275862068965	0.5	128	9	1.0
0.03448275862068965	0.5	96	9	0.9
0.03448275862068965	0.5	80	9	1.0
0.03448275862068965	0.5	72	9	1.0
0.03448275862068965	0.5	68	9	1.0
0.03448275862068965	0.5	66	9	0.9
0.03448275862068965	0.5	65	9	0.9
0.030303030303030307	0.5	2	9	0.0
0.030303030303030307	0.5	4	9	0.0
0.030303030303030307	0.5	8	9	0.0
0.030303030303030307	0.5	16	9	0.2
0.030303030303030307	0.5	32	9	0.6
0.030303030303030307	0.5	64	9	0.9
0.030303030303030307	0.5	48	9	0.7
0.030303030303030307	0.5	56	9	0.9
0.030303030303030307	0.5	52	9	0.9
0.030303030303030307	0.5	50	9	0.5
0.030303030303030307	0.5	51	9	0.6
0.006666666666666667	0.5	2	9	0.0
0.006666666666666667	0.5	4	9	0.0
0.006666666666666667	0.5	8	9	0.0
0.006666666666666667	0.5	16	9	0.4
0.006666666666666667	0.5	32	9	0.3
0.006666666666666667	0.5	64	9	0.9
0.006666666666666667	0.5	48	9	0.7
0.006666666666666667	0.5	56	9	0.7
0.006666666666666667	0.5	60	9	0.9
0.006666666666666667	0.5	58	9	0.8
0.006666666666666667	0.5	59	9	0.9
0.0033333333333333327	0.5	2	9	0.0
0.0033333333333333327	0.5	4	9	0.0
0.0033333333333333327	0.5	8	9	0.0
0.0033333333333333327	0.5	16	9	0.3
0.0033333333333333327	0.5	32	9	0.5
0.0033333333333333327	0.5	64	9	0.7
0.0033333333333333327	0.5	128	9	1.0
0.0033333333333333327	0.5	96	9	0.9
0.0033333333333333327	0.5	80	9	0.9
0.0033333333333333327	0.5	72	9	0.9
0.0033333333333333327	0.5	68	9	1.0
0.0033333333333333327	0.5	66	9	1.0
0.0033333333333333327	0.5	65	9	1.0
1.0	1.0	2	9	0.0
1.0	1.0	4	9	0.0
1.0	1.0	8	9	0.0
1.0	1.0	16	9	0.0
1.0	1.0	32	9	0.0
1.0	1.0	64	9	0.0
1.0	1.0	128	9	0.0
1.0	1.0	256	9	0.1
1.0	1.0	512	9	0.4
1.0	1.0	1024	9	0.6
1.0	1.0	2048	9	1.0
1.0	1.0	1536	9	0.9
1.0	1.0	1280	9	0.7
1.0	1.0	1408	9	0.6
1.0	1.0	1472	9	0.9
1.0	1.0	1440	9	0.9
1.0	1.0	1424	9	0.8
1.0	1.0	1432	9	0.8
1.0	1.0	1436	9	0.8
1.0	1.0	1438	9	0.6
1.0	1.0	1439	9	0.9
0.5	1.0	2	9	0.0
0.5	1.0	4	9	0.0
0.5	1.0	8	9	0.0
0.5	1.0	16	9	0.0
0.5	1.0	32	9	0.2
0.5	1.0	64	9	0.2
0.5	1.0	128	9	0.8
0.5	1.0	256	9	1.0
0.5	1.0	192	9	0.9
0.5	1.0	160	9	0.9
0.5	1.0	144	9	0.6
0.5	1.0	152	9	0.7
0.5	1.0	156	9	0.8
0.5	1.0	158	9	0.8
0.5	1.0	159	9	0.9
0.2	1.0	2	9	0.0
0.2	1.0	4	9	0.0
0.2	1.0	8	9	0.0
0.2	1.0	16	9	0.1
0.2	1.0	32	9	0.3
0.2	1.0	64	9	0.8
0.2	1.0	128	9	0.9
0.2	1.0	96	9	0.9
0.2	1.0	80	9	1.0
0.2	1.0	72	9	0.8
0.2	1.0	76	9	0.8
0.2	1.0	78	9	0.6
0.2	1.0	79	9	1.0
0.1111111111111111	1.0	2	9	0.0
0.1111111111111111	1.0	4	9	0.0
0.1111111111111111	1.0	8	9	0.0
0.1111111111111111	1.0	16	9	0.2
0.1111111111111111	1.0	32	9	0.8
0.1111111111111111	1.0	64	9	0.9
0.1111111111111111	1.0	48	9	0.7
0.1111111111111111	1.0	56	9	0.7
0.1111111111111111	1.0	60	9	0.7
0.1111111111111111	1.0	62	9	0.8
0.1111111111111111	1.0	63	9	0.8
0.07692307692307693	1.0	2	9	0.0
0.07692307692307693	1.0	4	9	0.0
0.07692307692307693	1.0	8	9	0.0
0.07692307692307693	1.0	16	9	0.3
0.07692307692307693	1.0	32	9	0.8
0.07692307692307693	1.0	64	9	0.9
0.07692307692307693	1.0	48	9	0.7
0.07692307692307693	1.0	56	9	0.8
0.07692307692307693	1.0	60	9	1.0
0.07692307692307693	1.0	58	9	0.9
0.07692307692307693	1.0	57	9	0.7
0.05882352941176471	1.0	2	9	0.0
0.05882352941176471	1.0	4	9	0.0
0.05882352941176471	1.0	8	9	0.1
0.05882352941176471	1.0	16	9	0.2
0.05882352941176471	1.0	32	9	0.7
0.05882352941176471	1.0	64	9	0.9
0.05882352941176471	1.0	48	9	1.0
0.05882352941176471	1.0	40	9	0.8
0.05882352941176471	1.0	44	9	0.9
0.05882352941176471	1.0	42	9	0.8
0.05882352941176471	1.0	43	9	1.0
0.047619047619047616	1.0	2	9	0.0
0.047619047619047616	1.0	4	9	0.0
0.047619047619047616	1.0	8	9	0.0
0.047619047619047616	1.0	16	9	0.2
0.047619047619047616	1.0	32	9	0.9
0.047619047619047616	1.0	24	9	0.6
0.047619047619047616	1.0	28	9	0.9
0.047619047619047616	1.0	26	9	0.5
0.047619047619047616	1.0	27	9	0.8
0.04	1.0	2	9	0.0
0.04	1.0	4	9	0.0
0.04	1.0	8	9	0.0
0.04	1.0	16	9	0.1
0.04	1.0	32	9	1.0
0.04	1.0	24	9	0.7
0.04	1.0	28	9	0.7
0.04	1.0	30	9	0.7
0.04	1.0	31	9	0.7
0.03448275862068965	1.0	2	9	0.0
0.03448275862068965	1.0	4	9	0.0
0.03448275862068965	1.0	8	9	0.1
0.03448275862068965	1.0	16	9	0.5
0.03448275862068965	1.0	32	9	0.8
0.03448275862068965	1.0	64	9	1.0
0.03448275862068965	1.0	48	9	0.8
0.03448275862068965	1.0	56	9	0.9
0.03448275862068965	1.0	52	9	1.0
0.03448275862068965	1.0	50	9	1.0
0.03448275862068965	1.0	49	9	0.7
0.030303030303030307	1.0	2	9	0.0
0.030303030303030307	1.0	4	9	0.0
0.030303030303030307	1.0	8	9	0.2
0.030303030303030307	1.0	16	9	0.3
0.030303030303030307	1.0	32	9	0.7
0.030303030303030307	1.0	64	9	1.0
0.030303030303030307	1.0	48	9	1.0
0.030303030303030307	1.0	40	9	0.9
0.030303030303030307	1.0	36	9	0.9
0.030303030303030307	1.0	34	9	0.9
0.030303030303030307	1.0	33	9	1.0
0.006666666666666667	1.0	2	9	0.0
0.006666666666666667	1.0	4	9	0.0
0.006666666666666667	1.0	8	9	0.0
0.006666666666666667	1.0	16	9	0.6
0.006666666666666667	1.0	32	9	0.9
0.006666666666666667	1.0	24	9	1.0
0.006666666666666667	1.0	20	9	0.5
0.006666666666666667	1.0	22	9	0.8
0.006666666666666667	1.0	23	9	0.5
0.0033333333333333327	1.0	2	9	0.0
0.0033333333333333327	1.0	4	9	0.0
0.0033333333333333327	1.0	8	9	0.1
0.0033333333333333327	1.0	16	9	0.6
0.0033333333333333327	1.0	32	9	0.9
0.0033333333333333327	1.0	24	9	0.8
0.0033333333333333327	1.0	28	9	0.8
0.0033333333333333327	1.0	30	9	0.8
0.0033333333333333327	1.0	31	9	1.0
1.0	2.0	2	9	0.0
1.0	2.0	4	9	0.0
1.0	2.0	8	9	0.0
1.0	2.0	16	9	0.0
1.0	2.0	32	9	0.0
1.0	2.0	64	9	0.0
1.0	2.0	128	9	0.0
1.0	2.0	256	9	0.0
1.0	2.0	512	9	0.0
1.0	2.0	1024	9	0.0
1.0	2.0	2048	9	0.5
1.0	2.0	4096	9	0.3
0.5	2.0	2	9	0.0
0.5	2.0	4	9	0.0
0.5	2.0	8	9	0.0
0.5	2.0	16	9	0.0
0.5	2.0	32	9	0.0
0.5	2.0	64	9	0.4
0.5	2.0	128	9	0.8
0.5	2.0	256	9	1.0
0.5	2.0	192	9	0.9
0.5	2.0	160	9	0.9
0.5	2.0	144	9	0.9
0.5	2.0	136	9	0.8
0.5	2.0	140	9	0.9
0.5	2.0	138	9	0.9
0.5	2.0	137	9	0.8
0.2	2.0	2	9	0.0
0.2	2.0	4	9	0.0
0.2	2.0	8	9	0.0
0.2	2.0	16	9	0.3
0.2	2.0	32	9	0.7
0.2	2.0	64	9	0.9
0.2	2.0	48	9	1.0
0.2	2.0	40	9	0.7
0.2	2.0	44	9	0.8
0.2	2.0	46	9	0.6
0.2	2.0	47	9	0.7
0.1111111111111111	2.0	2	9	0.0
0.1111111111111111	2.0	4	9	0.0
0.1111111111111111	2.0	8	9	0.1
0.1111111111111111	2.0	16	9	0.3
0.1111111111111111	2.0	32	9	0.7
0.1111111111111111	2.0	64	9	1.0
0.1111111111111111	2.0	48	9	0.8
0.1111111111111111	2.0	56	9	1.0
0.1111111111111111	2.0	52	9	1.0
0.1111111111111111	2.0	50	9	0.8
0.1111111111111111	2.0	51	9	0.6
0.07692307692307693	2.0	2	9	0.0
0.07692307692307693	2.0	4	9	0.0
0.07692307692307693	2.0	8	9	0.1
0.07692307692307693	2.0	16	9	0.2
0.07692307692307693	2.0	32	9	0.9
0.07692307692307693	2.0	24	9	0.8
0.07692307692307693	2.0	28	9	0.8
0.07692307692307693	2.0	30	9	0.9
0.07692307692307693	2.0	29	9	0.9
0.05882352941176471	2.0	2	9	0.0
0.05882352941176471	2.0	4	9	0.0
0.05882352941176471	2.0	8	9	0.3
0.05882352941176471	2.0	16	9	0.6
0.05882352941176471	2.0	32	9	0.9
0.05882352941176471	2.0	24	9	1.0
0.05882352941176471	2.0	20	9	0.7
0.05882352941176471	2.0	22	9	0.7
0.05882352941176471	2.0	23	9	0.8
0.047619047619047616	2.0	2	9	0.0
0.047619047619047616	2.0	4	9	0.0
0.047619047619047616	2.0	8	9	0.1
0.047619047619047616	2.0	16	9	0.7
0.047619047619047616	2.0	32	9	1.0
0.047619047619047616	2.0	24	9	0.8
0.047619047619047616	2.0	28	9	1.0
0.047619047619047616	2.0	26	9	0.7
0.047619047619047616	2.0	27	9	0.9
0.04	2.0	2	9	0.0
0.04	2.0	4	9	0.1
0.04	2.0	8	9	0.4
0.04	2.0	16	9	0.7
0.04	2.0	32	9	0.8
0.04	2.0	64	9	0.9
0.04	2.0	48	9	1.0
0.04	2.0	40	9	1.0
0.04	2.0	36	9	1.0
0.04	2.0	34	9	1.0
0.04	2.0	33	9	0.8
0.03448275862068965	2.0	2	9	0.0
0.03448275862068965	2.0	4	9	0.0
0.03448275862068965	2.0	8	9	0.3
0.03448275862068965	2.0	16	9	0.7
0.03448275862068965	2.0	32	9	0.9
0.03448275862068965	2.0	24	9	0.7
0.03448275862068965	2.0	28	9	1.0
0.03448275862068965	2.0	26	9	0.4
0.03448275862068965	2.0	27	9	1.0
0.030303030303030307	2.0	2	9	0.0
0.030303030303030307	2.0	4	9	0.0
0.030303030303030307	2.0	8	9	0.4
0.030303030303030307	2.0	16	9	0.8
0.030303030303030307	2.0	32	9	0.8
0.030303030303030307	2.0	64	9	1.0
0.030303030303030307	2.0	48	9	1.0
0.030303030303030307	2.0	40	9	0.9
0.030303030303030307	2.0	36	9	1.0
0.030303030303030307	2.0	34	9	0.9
0.030303030303030307	2.0	33	9	0.9
0.006666666666666667	2.0	2	9	0.0
0.006666666666666667	2.0	4	9	0.1
0.006666666666666667	2.0	8	9	0.3
0.006666666666666667	2.0	16	9	0.6
0.006666666666666667	2.0	32	9	0.9
0.006666666666666667	2.0	24	9	0.9
0.006666666666666667	2.0	20	9	0.9
0.006666666666666667	2.0	18	9	0.9
0.006666666666666667	2.0	17	9	0.8
0.0033333333333333327	2.0	2	9	0.0
0.0033333333333333327	2.0	4	9	0.0
0.0033333333333333327	2.0	8	9	0.3
0.0033333333333333327	2.0	16	9	0.8
0.0033333333333333327	2.0	32	9	0.9
0.0033333333333333327	2.0	24	9	1.0
0.0033333333333333327	2.0	20	9	0.9
0.0033333333333333327	2.0	18	9	0.7
0.0033333333333333327	2.0	19	9	0.8
1.0	5.0	2	9	0.0
1.0	5.0	4	9	0.0
1.0	5.0	8	9	0.0
1.0	5.0	16	9	0.0
1.0	5.0	32	9	0.0
1.0	5.0	64	9	0.0
1.0	5.0	128	9	0.0
1.0	5.0	256	9	0.0
1.0	5.0	512	9	0.0
1.0	5.0	1024	9	0.0
1.0	5.0	2048	9	0.0
1.0	5.0	4096	9	0.0
0.5	5.0	2	9	0.0
0.5	5.0	4	9	0.0
0.5	5.0	8	9	0.0
0.5	5.0	16	9	0.0
0.5	5.0	32	9	0.2
0.5	5.0	64	9	0.7
0.5	5.0	128	9	0.9
0.5	5.0	96	9	0.5
0.5	5.0	112	9	0.8
0.5	5.0	120	9	0.9
0.5	5.0	116	9	0.8
0.5	5.0	118	9	0.8
0.5	5.0	119	9	1.0
0.2	5.0	2	9	0.0
0.2	5.0	4	9	0.1
0.2	5.0	8	9	0.1
0.2	5.0	16	9	0.4
0.2	5.0	32	9	0.5
0.2	5.0	64	9	0.9
0.2	5.0	48	9	0.9
0.2	5.0	40	9	0.9
0.2	5.0	36	9	1.0
0.2	5.0	34	9	0.9
0.2	5.0	33	9	0.6
0.1111111111111111	5.0	2	9	0.0
0.1111111111111111	5.0	4	9	0.0
0.1111111111111111	5.0	8	9	0.0
0.1111111111111111	5.0	16	9	0.5
0.1111111111111111	5.0	32	9	0.9
0.1111111111111111	5.0	24	9	0.8
0.1111111111111111	5.0	28	9	0.7
0.1111111111111111	5.0	30	9	0.7
0.1111111111111111	5.0	31	9	0.7
0.07692307692307693	5.0	2	9	0.0
0.07692307692307693	5.0	4	9	0.0
0.07692307692307693	5.0	8	9	0.3
0.07692307692307693	5.0	16	9	0.7
0.07692307692307693	5.0	32	9	1.0
0.07692307692307693	5.0	24	9	0.5
0.07692307692307693	5.0	28	9	0.7
0.07692307692307693	5.0	30	9	0.9
0.07692307692307693	5.0	29	9	0.8
0.05882352941176471	5.0	2	9	0.0
0.05882352941176471	5.0	4	9	0.0
0.05882352941176471	5.0	8	9	0.3
0.05882352941176471	5.0	16	9	0.5
0.05882352941176471	5.0	32	9	0.8
0.05882352941176471	5.0	64	9	1.0
0.05882352941176471	5.0	48	9	1.0
0.05882352941176471	5.0	40	9	1.0
0.05882352941176471	5.0	36	9	1.0
0.05882352941176471	5.0	34	9	1.0
0.05882352941176471	5.0	33	9	0.8
0.047619047619047616	5.0	2	9	0.1
0.047619047619047616	5.0	4	9	0.0
0.047619047619047616	5.0	8	9	0.2
0.047619047619047616	5.0	16	9	0.7
0.047619047619047616	5.0	32	9	0.6
0.047619047619047616	5.0	64	9	1.0
0.047619047619047616	5.0	48	9	1.0
0.047619047619047616	5.0	40	9	0.9
0.047619047619047616	5.0	36	9	1.0
0.047619047619047616	5.0	34	9	0.6
0.047619047619047616	5.0	35	9	0.9
0.04	5.0	2	9	0.0
0.04	5.0	4	9	0.0
0.04	5.0	8	9	0.1
0.04	5.0	16	9	0.7
0.04	5.0	32	9	1.0
0.04	5.0	24	9	0.7
0.04	5.0	28	9	0.9
0.04	5.0	26	9	1.0
0.04	5.0	25	9	0.8
0.03448275862068965	5.0	2	9	0.0
0.03448275862068965	5.0	4	9	0.1
0.03448275862068965	5.0	8	9	0.2
0.03448275862068965	5.0	16	9	0.5
0.03448275862068965	5.0	32	9	0.8
0.03448275862068965	5.0	64	9	1.0
0.03448275862068965	5.0	48	9	1.0
0.03448275862068965	5.0	40	9	1.0
0.03448275862068965	5.0	36	9	1.0
0.03448275862068965	5.0	34	9	0.9
0.03448275862068965	5.0	33	9	1.0
0.030303030303030307	5.0	2	9	0.0
0.030303030303030307	5.0	4	9	0.0
0.030303030303030307	5.0	8	9	0.2
0.030303030303030307	5.0	16	9	0.8
0.030303030303030307	5.0	32	9	0.8
0.030303030303030307	5.0	64	9	1.0
0.030303030303030307	5.0	48	9	1.0
0.030303030303030307	5.0	40	9	0.9
0.030303030303030307	5.0	36	9	1.0
0.030303030303030307	5.0	34	9	0.9
0.030303030303030307	5.0	33	9	1.0
0.006666666666666667	5.0	2	9	0.0
0.006666666666666667	5.0	4	9	0.0
0.006666666666666667	5.0	8	9	0.3
0.006666666666666667	5.0	16	9	0.5
0.006666666666666667	5.0	32	9	1.0
0.006666666666666667	5.0	24	9	0.9
0.006666666666666667	5.0	20	9	0.8
0.006666666666666667	5.0	22	9	0.7
0.006666666666666667	5.0	23	9	1.0
0.0033333333333333327	5.0	2	9	0.0
0.0033333333333333327	5.0	4	9	0.1
0.0033333333333333327	5.0	8	9	0.6
0.0033333333333333327	5.0	16	9	0.7
0.0033333333333333327	5.0	32	9	0.9
0.0033333333333333327	5.0	24	9	0.8
0.0033333333333333327	5.0	28	9	0.8
0.0033333333333333327	5.0	30	9	1.0
0.0033333333333333327	5.0	29	9	0.9
