1.0	0.08333333333333333	2	9	0.0
1.0	0.08333333333333333	4	9	0.0
1.0	0.08333333333333333	8	9	0.0
1.0	0.08333333333333333	16	9	0.0
1.0	0.08333333333333333	32	9	0.0
1.0	0.08333333333333333	64	9	0.0
1.0	0.08333333333333333	128	9	0.0
1.0	0.08333333333333333	256	9	0.0
1.0	0.08333333333333333	512	9	0.0
1.0	0.08333333333333333	1024	9	0.5
1.0	0.08333333333333333	2048	9	1.0
1.0	0.08333333333333333	1536	9	0.9
1.0	0.08333333333333333	1280	9	0.7
1.0	0.08333333333333333	1408	9	0.7
1.0	0.08333333333333333	1472	9	0.7
1.0	0.08333333333333333	1504	9	0.8
1.0	0.08333333333333333	1520	9	0.8
1.0	0.08333333333333333	1528	9	0.5
1.0	0.08333333333333333	1532	9	0.9
1.0	0.08333333333333333	1530	9	0.6
1.0	0.08333333333333333	1531	9	0.8
0.5	0.08333333333333333	2	9	0.0
0.5	0.08333333333333333	4	9	0.0
0.5	0.08333333333333333	8	9	0.0
0.5	0.08333333333333333	16	9	0.0
0.5	0.08333333333333333	32	9	0.0
0.5	0.08333333333333333	64	9	0.0
0.5	0.08333333333333333	128	9	0.0
0.5	0.08333333333333333	256	9	0.0
0.5	0.08333333333333333	512	9	0.0
0.5	0.08333333333333333	1024	9	0.3
0.5	0.08333333333333333	2048	9	0.9
0.5	0.08333333333333333	1536	9	0.9
0.5	0.08333333333333333	1280	9	0.3
0.5	0.08333333333333333	1408	9	0.9
0.5	0.08333333333333333	1344	9	0.4
0.5	0.08333333333333333	1376	9	0.7
0.5	0.08333333333333333	1392	9	0.9
0.5	0.08333333333333333	1384	9	0.8
0.5	0.08333333333333333	1388	9	0.8
0.5	0.08333333333333333	1390	9	0.5
0.5	0.08333333333333333	1391	9	0.8
0.2	0.08333333333333333	2	9	0.0
0.2	0.08333333333333333	4	9	0.0
0.2	0.08333333333333333	8	9	0.0
0.2	0.08333333333333333	16	9	0.0
0.2	0.08333333333333333	32	9	0.0
0.2	0.08333333333333333	64	9	0.0
0.2	0.08333333333333333	128	9	0.0
0.2	0.08333333333333333	256	9	0.0
0.2	0.08333333333333333	512	9	0.0
0.2	0.08333333333333333	1024	9	0.4
0.2	0.08333333333333333	2048	9	1.0
0.2	0.08333333333333333	1536	9	1.0
0.2	0.08333333333333333	1280	9	0.9
0.2	0.08333333333333333	1152	9	0.8
0.2	0.08333333333333333	1216	9	0.6
0.2	0.08333333333333333	1248	9	0.7
0.2	0.08333333333333333	1264	9	0.7
0.2	0.08333333333333333	1272	9	0.9
0.2	0.08333333333333333	1268	9	0.8
0.2	0.08333333333333333	1270	9	0.8
0.2	0.08333333333333333	1271	9	0.9
0.1111111111111111	0.08333333333333333	2	9	0.0
0.1111111111111111	0.08333333333333333	4	9	0.0
0.1111111111111111	0.08333333333333333	8	9	0.0
0.1111111111111111	0.08333333333333333	16	9	0.0
0.1111111111111111	0.08333333333333333	32	9	0.0
0.1111111111111111	0.08333333333333333	64	9	0.0
0.1111111111111111	0.08333333333333333	128	9	0.0
0.1111111111111111	0.08333333333333333	256	9	0.0
0.1111111111111111	0.08333333333333333	512	9	0.0
0.1111111111111111	0.08333333333333333	1024	9	0.7
0.1111111111111111	0.08333333333333333	2048	9	1.0
0.1111111111111111	0.08333333333333333	1536	9	1.0
0.1111111111111111	0.08333333333333333	1280	9	0.8
0.1111111111111111	0.08333333333333333	1408	9	0.6
0.1111111111111111	0.08333333333333333	1472	9	0.9
0.1111111111111111	0.08333333333333333	1440	9	1.0
0.1111111111111111	0.08333333333333333	1424	9	0.8
0.1111111111111111	0.08333333333333333	1432	9	1.0
0.1111111111111111	0.08333333333333333	1428	9	0.9
0.1111111111111111	0.08333333333333333	1426	9	0.9
0.1111111111111111	0.08333333333333333	1425	9	0.9
0.07692307692307693	0.08333333333333333	2	9	0.0
0.07692307692307693	0.08333333333333333	4	9	0.0
0.07692307692307693	0.08333333333333333	8	9	0.0
0.07692307692307693	0.08333333333333333	16	9	0.0
0.07692307692307693	0.08333333333333333	32	9	0.0
0.07692307692307693	0.08333333333333333	64	9	0.0
0.07692307692307693	0.08333333333333333	128	9	0.0
0.07692307692307693	0.08333333333333333	256	9	0.0
0.07692307692307693	0.08333333333333333	512	9	0.0
0.07692307692307693	0.08333333333333333	1024	9	0.8
0.07692307692307693	0.08333333333333333	2048	9	1.0
0.07692307692307693	0.08333333333333333	1536	9	1.0
0.07692307692307693	0.08333333333333333	1280	9	0.8
0.07692307692307693	0.08333333333333333	1408	9	0.9
0.07692307692307693	0.08333333333333333	1344	9	0.9
0.07692307692307693	0.08333333333333333	1312	9	0.7
0.07692307692307693	0.08333333333333333	1328	9	0.9
0.07692307692307693	0.08333333333333333	1320	9	0.5
0.07692307692307693	0.08333333333333333	1324	9	0.8
0.07692307692307693	0.08333333333333333	1326	9	0.6
0.07692307692307693	0.08333333333333333	1327	9	0.7
0.05882352941176471	0.08333333333333333	2	9	0.0
0.05882352941176471	0.08333333333333333	4	9	0.0
0.05882352941176471	0.08333333333333333	8	9	0.0
0.05882352941176471	0.08333333333333333	16	9	0.0
0.05882352941176471	0.08333333333333333	32	9	0.0
0.05882352941176471	0.08333333333333333	64	9	0.0
0.05882352941176471	0.08333333333333333	128	9	0.0
0.05882352941176471	0.08333333333333333	256	9	0.0
0.05882352941176471	0.08333333333333333	512	9	0.0
0.05882352941176471	0.08333333333333333	1024	9	0.7
0.05882352941176471	0.08333333333333333	2048	9	1.0
0.05882352941176471	0.08333333333333333	1536	9	0.9
0.05882352941176471	0.08333333333333333	1280	9	0.8
0.05882352941176471	0.08333333333333333	1408	9	0.9
0.05882352941176471	0.08333333333333333	1344	9	0.8
0.05882352941176471	0.08333333333333333	1376	9	0.8
0.05882352941176471	0.08333333333333333	1392	9	0.9
0.05882352941176471	0.08333333333333333	1384	9	0.9
0.05882352941176471	0.08333333333333333	1380	9	0.9
0.05882352941176471	0.08333333333333333	1378	9	0.9
0.05882352941176471	0.08333333333333333	1377	9	0.8
0.047619047619047616	0.08333333333333333	2	9	0.0
0.047619047619047616	0.08333333333333333	4	9	0.0
0.047619047619047616	0.08333333333333333	8	9	0.0
0.047619047619047616	0.08333333333333333	16	9	0.0
0.047619047619047616	0.08333333333333333	32	9	0.0
0.047619047619047616	0.08333333333333333	64	9	0.0
0.047619047619047616	0.08333333333333333	128	9	0.0
0.047619047619047616	0.08333333333333333	256	9	0.0
0.047619047619047616	0.08333333333333333	512	9	0.0
0.047619047619047616	0.08333333333333333	1024	9	0.6
0.047619047619047616	0.08333333333333333	2048	9	1.0
0.047619047619047616	0.08333333333333333	1536	9	0.8
0.047619047619047616	0.08333333333333333	1792	9	1.0
0.047619047619047616	0.08333333333333333	1664	9	1.0
0.047619047619047616	0.08333333333333333	1600	9	0.8
0.047619047619047616	0.08333333333333333	1632	9	0.9
0.047619047619047616	0.08333333333333333	1616	9	0.9
0.047619047619047616	0.08333333333333333	1608	9	1.0
0.047619047619047616	0.08333333333333333	1604	9	0.9
0.047619047619047616	0.08333333333333333	1602	9	1.0
0.047619047619047616	0.08333333333333333	1601	9	1.0
0.04	0.08333333333333333	2	9	0.0
0.04	0.08333333333333333	4	9	0.0
0.04	0.08333333333333333	8	9	0.0
0.04	0.08333333333333333	16	9	0.0
0.04	0.08333333333333333	32	9	0.0
0.04	0.08333333333333333	64	9	0.0
0.04	0.08333333333333333	128	9	0.0
0.04	0.08333333333333333	256	9	0.0
0.04	0.08333333333333333	512	9	0.0
0.04	0.08333333333333333	1024	9	0.5
0.04	0.08333333333333333	2048	9	0.9
0.04	0.08333333333333333	1536	9	1.0
0.04	0.08333333333333333	1280	9	0.9
0.04	0.08333333333333333	1152	9	0.7
0.04	0.08333333333333333	1216	9	0.7
0.04	0.08333333333333333	1248	9	0.8
0.04	0.08333333333333333	1264	9	0.8
0.04	0.08333333333333333	1272	9	0.8
0.04	0.08333333333333333	1276	9	1.0
0.04	0.08333333333333333	1274	9	0.7
0.04	0.08333333333333333	1275	9	0.8
0.03448275862068965	0.08333333333333333	2	9	0.0
0.03448275862068965	0.08333333333333333	4	9	0.0
0.03448275862068965	0.08333333333333333	8	9	0.0
0.03448275862068965	0.08333333333333333	16	9	0.0
0.03448275862068965	0.08333333333333333	32	9	0.0
0.03448275862068965	0.08333333333333333	64	9	0.0
0.03448275862068965	0.08333333333333333	128	9	0.0
0.03448275862068965	0.08333333333333333	256	9	0.0
0.03448275862068965	0.08333333333333333	512	9	0.0
0.03448275862068965	0.08333333333333333	1024	9	0.3
0.03448275862068965	0.08333333333333333	2048	9	1.0
0.03448275862068965	0.08333333333333333	1536	9	0.8
0.03448275862068965	0.08333333333333333	1792	9	1.0
0.03448275862068965	0.08333333333333333	1664	9	1.0
0.03448275862068965	0.08333333333333333	1600	9	1.0
0.03448275862068965	0.08333333333333333	1568	9	0.9
0.03448275862068965	0.08333333333333333	1552	9	1.0
0.03448275862068965	0.08333333333333333	1544	9	0.9
0.03448275862068965	0.08333333333333333	1540	9	1.0
0.03448275862068965	0.08333333333333333	1538	9	1.0
0.03448275862068965	0.08333333333333333	1537	9	0.9
0.030303030303030307	0.08333333333333333	2	9	0.0
0.030303030303030307	0.08333333333333333	4	9	0.0
0.030303030303030307	0.08333333333333333	8	9	0.0
0.030303030303030307	0.08333333333333333	16	9	0.0
0.030303030303030307	0.08333333333333333	32	9	0.0
0.030303030303030307	0.08333333333333333	64	9	0.0
0.030303030303030307	0.08333333333333333	128	9	0.0
0.030303030303030307	0.08333333333333333	256	9	0.0
0.030303030303030307	0.08333333333333333	512	9	0.0
0.030303030303030307	0.08333333333333333	1024	9	0.3
0.030303030303030307	0.08333333333333333	2048	9	1.0
0.030303030303030307	0.08333333333333333	1536	9	1.0
0.030303030303030307	0.08333333333333333	1280	9	1.0
0.030303030303030307	0.08333333333333333	1152	9	0.7
0.030303030303030307	0.08333333333333333	1216	9	0.7
0.030303030303030307	0.08333333333333333	1248	9	0.7
0.030303030303030307	0.08333333333333333	1264	9	0.9
0.030303030303030307	0.08333333333333333	1256	9	0.8
0.030303030303030307	0.08333333333333333	1260	9	0.8
0.030303030303030307	0.08333333333333333	1262	9	0.6
0.030303030303030307	0.08333333333333333	1263	9	0.7
0.006666666666666667	0.08333333333333333	2	9	0.0
0.006666666666666667	0.08333333333333333	4	9	0.0
0.006666666666666667	0.08333333333333333	8	9	0.0
0.006666666666666667	0.08333333333333333	16	9	0.0
0.006666666666666667	0.08333333333333333	32	9	0.0
0.006666666666666667	0.08333333333333333	64	9	0.0
0.006666666666666667	0.08333333333333333	128	9	0.0
0.006666666666666667	0.08333333333333333	256	9	0.0
0.006666666666666667	0.08333333333333333	512	9	0.0
0.006666666666666667	0.08333333333333333	1024	9	0.3
0.006666666666666667	0.08333333333333333	2048	9	1.0
0.006666666666666667	0.08333333333333333	1536	9	1.0
0.006666666666666667	0.08333333333333333	1280	9	0.9
0.006666666666666667	0.08333333333333333	1152	9	0.6
0.006666666666666667	0.08333333333333333	1216	9	0.8
0.006666666666666667	0.08333333333333333	1248	9	0.6
0.006666666666666667	0.08333333333333333	1264	9	0.4
0.006666666666666667	0.08333333333333333	1272	9	0.9
0.006666666666666667	0.08333333333333333	1268	9	0.8
0.006666666666666667	0.08333333333333333	1270	9	0.8
0.006666666666666667	0.08333333333333333	1271	9	1.0
0.0033333333333333327	0.08333333333333333	2	9	0.0
0.0033333333333333327	0.08333333333333333	4	9	0.0
0.0033333333333333327	0.08333333333333333	8	9	0.0
0.0033333333333333327	0.08333333333333333	16	9	0.0
0.0033333333333333327	0.08333333333333333	32	9	0.0
0.0033333333333333327	0.08333333333333333	64	9	0.0
0.0033333333333333327	0.08333333333333333	128	9	0.0
0.0033333333333333327	0.08333333333333333	256	9	0.0
0.0033333333333333327	0.08333333333333333	512	9	0.0
0.0033333333333333327	0.08333333333333333	1024	9	0.6
0.0033333333333333327	0.08333333333333333	2048	9	1.0
0.0033333333333333327	0.08333333333333333	1536	9	0.8
0.0033333333333333327	0.08333333333333333	1792	9	1.0
0.0033333333333333327	0.08333333333333333	1664	9	1.0
0.0033333333333333327	0.08333333333333333	1600	9	0.9
0.0033333333333333327	0.08333333333333333	1568	9	0.8
0.0033333333333333327	0.08333333333333333	1584	9	1.0
0.0033333333333333327	0.08333333333333333	1576	9	0.9
0.0033333333333333327	0.08333333333333333	1572	9	0.9
0.0033333333333333327	0.08333333333333333	1570	9	1.0
0.0033333333333333327	0.08333333333333333	1569	9	1.0
1.0	0.1	2	9	0.0
1.0	0.1	4	9	0.0
1.0	0.1	8	9	0.0
1.0	0.1	16	9	0.0
1.0	0.1	32	9	0.0
1.0	0.1	64	9	0.0
1.0	0.1	128	9	0.0
1.0	0.1	256	9	0.0
1.0	0.1	512	9	0.0
1.0	0.1	1024	9	0.6
1.0	0.1	2048	9	0.9
1.0	0.1	1536	9	0.9
1.0	0.1	1280	9	1.0
1.0	0.1	1152	9	0.7
1.0	0.1	1216	9	0.8
1.0	0.1	1248	9	0.6
1.0	0.1	1264	9	0.7
1.0	0.1	1272	9	0.6
1.0	0.1	1276	9	1.0
1.0	0.1	1274	9	0.7
1.0	0.1	1275	9	0.8
0.5	0.1	2	9	0.0
0.5	0.1	4	9	0.0
0.5	0.1	8	9	0.0
0.5	0.1	16	9	0.0
0.5	0.1	32	9	0.0
0.5	0.1	64	9	0.0
0.5	0.1	128	9	0.0
0.5	0.1	256	9	0.0
0.5	0.1	512	9	0.0
0.5	0.1	1024	9	0.7
0.5	0.1	2048	9	1.0
0.5	0.1	1536	9	0.9
0.5	0.1	1280	9	1.0
0.5	0.1	1152	9	0.9
0.5	0.1	1088	9	0.8
0.5	0.1	1120	9	0.9
0.5	0.1	1104	9	0.7
0.5	0.1	1112	9	0.9
0.5	0.1	1108	9	0.7
0.5	0.1	1110	9	0.8
0.5	0.1	1111	9	1.0
0.2	0.1	2	9	0.0
0.2	0.1	4	9	0.0
0.2	0.1	8	9	0.0
0.2	0.1	16	9	0.0
0.2	0.1	32	9	0.0
0.2	0.1	64	9	0.0
0.2	0.1	128	9	0.0
0.2	0.1	256	9	0.0
0.2	0.1	512	9	0.0
0.2	0.1	1024	9	0.7
0.2	0.1	2048	9	1.0
0.2	0.1	1536	9	0.9
0.2	0.1	1280	9	0.7
0.2	0.1	1408	9	0.9
0.2	0.1	1344	9	0.9
0.2	0.1	1312	9	1.0
0.2	0.1	1296	9	0.9
0.2	0.1	1288	9	0.8
0.2	0.1	1292	9	0.9
0.2	0.1	1290	9	0.9
0.2	0.1	1289	9	0.8
0.1111111111111111	0.1	2	9	0.0
0.1111111111111111	0.1	4	9	0.0
0.1111111111111111	0.1	8	9	0.0
0.1111111111111111	0.1	16	9	0.0
0.1111111111111111	0.1	32	9	0.0
0.1111111111111111	0.1	64	9	0.0
0.1111111111111111	0.1	128	9	0.0
0.1111111111111111	0.1	256	9	0.0
0.1111111111111111	0.1	512	9	0.0
0.1111111111111111	0.1	1024	9	0.5
0.1111111111111111	0.1	2048	9	1.0
0.1111111111111111	0.1	1536	9	1.0
0.1111111111111111	0.1	1280	9	0.9
0.1111111111111111	0.1	1152	9	1.0
0.1111111111111111	0.1	1088	9	0.5
0.1111111111111111	0.1	1120	9	0.9
0.1111111111111111	0.1	1104	9	1.0
0.1111111111111111	0.1	1096	9	0.6
0.1111111111111111	0.1	1100	9	0.8
0.1111111111111111	0.1	1102	9	0.9
0.1111111111111111	0.1	1101	9	0.9
0.07692307692307693	0.1	2	9	0.0
0.07692307692307693	0.1	4	9	0.0
0.07692307692307693	0.1	8	9	0.0
0.07692307692307693	0.1	16	9	0.0
0.07692307692307693	0.1	32	9	0.0
0.07692307692307693	0.1	64	9	0.0
0.07692307692307693	0.1	128	9	0.0
0.07692307692307693	0.1	256	9	0.0
0.07692307692307693	0.1	512	9	0.0
0.07692307692307693	0.1	1024	9	0.8
0.07692307692307693	0.1	2048	9	1.0
0.07692307692307693	0.1	1536	9	1.0
0.07692307692307693	0.1	1280	9	0.9
0.07692307692307693	0.1	1152	9	0.9
0.07692307692307693	0.1	1088	9	0.9
0.07692307692307693	0.1	1056	9	0.9
0.07692307692307693	0.1	1040	9	0.8
0.07692307692307693	0.1	1048	9	0.7
0.07692307692307693	0.1	1052	9	0.9
0.07692307692307693	0.1	1050	9	0.9
0.07692307692307693	0.1	1049	9	0.7
0.05882352941176471	0.1	2	9	0.0
0.05882352941176471	0.1	4	9	0.0
0.05882352941176471	0.1	8	9	0.0
0.05882352941176471	0.1	16	9	0.0
0.05882352941176471	0.1	32	9	0.0
0.05882352941176471	0.1	64	9	0.0
0.05882352941176471	0.1	128	9	0.0
0.05882352941176471	0.1	256	9	0.0
0.05882352941176471	0.1	512	9	0.0
0.05882352941176471	0.1	1024	9	0.9
0.05882352941176471	0.1	768	9	0.4
0.05882352941176471	0.1	896	9	0.5
0.05882352941176471	0.1	960	9	0.8
0.05882352941176471	0.1	992	9	0.6
0.05882352941176471	0.1	1008	9	0.9
0.05882352941176471	0.1	1000	9	0.9
0.05882352941176471	0.1	996	9	0.9
0.05882352941176471	0.1	994	9	0.9
0.05882352941176471	0.1	993	9	0.6
0.047619047619047616	0.1	2	9	0.0
0.047619047619047616	0.1	4	9	0.0
0.047619047619047616	0.1	8	9	0.0
0.047619047619047616	0.1	16	9	0.0
0.047619047619047616	0.1	32	9	0.0
0.047619047619047616	0.1	64	9	0.0
0.047619047619047616	0.1	128	9	0.0
0.047619047619047616	0.1	256	9	0.0
0.047619047619047616	0.1	512	9	0.0
0.047619047619047616	0.1	1024	9	0.6
0.047619047619047616	0.1	2048	9	1.0
0.047619047619047616	0.1	1536	9	0.9
0.047619047619047616	0.1	1280	9	1.0
0.047619047619047616	0.1	1152	9	0.8
0.047619047619047616	0.1	1216	9	1.0
0.047619047619047616	0.1	1184	9	0.9
0.047619047619047616	0.1	1168	9	1.0
0.047619047619047616	0.1	1160	9	0.8
0.047619047619047616	0.1	1164	9	0.8
0.047619047619047616	0.1	1166	9	0.9
0.047619047619047616	0.1	1165	9	0.8
0.04	0.1	2	9	0.0
0.04	0.1	4	9	0.0
0.04	0.1	8	9	0.0
0.04	0.1	16	9	0.0
0.04	0.1	32	9	0.0
0.04	0.1	64	9	0.0
0.04	0.1	128	9	0.0
0.04	0.1	256	9	0.0
0.04	0.1	512	9	0.0
0.04	0.1	1024	9	0.9
0.04	0.1	768	9	0.5
0.04	0.1	896	9	0.5
0.04	0.1	960	9	0.6
0.04	0.1	992	9	0.7
0.04	0.1	1008	9	0.8
0.04	0.1	1016	9	0.8
0.04	0.1	1020	9	0.8
0.04	0.1	1022	9	0.8
0.04	0.1	1023	9	0.9
0.03448275862068965	0.1	2	9	0.0
0.03448275862068965	0.1	4	9	0.0
0.03448275862068965	0.1	8	9	0.0
0.03448275862068965	0.1	16	9	0.0
0.03448275862068965	0.1	32	9	0.0
0.03448275862068965	0.1	64	9	0.0
0.03448275862068965	0.1	128	9	0.0
0.03448275862068965	0.1	256	9	0.0
0.03448275862068965	0.1	512	9	0.0
0.03448275862068965	0.1	1024	9	0.7
0.03448275862068965	0.1	2048	9	1.0
0.03448275862068965	0.1	1536	9	1.0
0.03448275862068965	0.1	1280	9	1.0
0.03448275862068965	0.1	1152	9	0.7
0.03448275862068965	0.1	1216	9	1.0
0.03448275862068965	0.1	1184	9	0.8
0.03448275862068965	0.1	1200	9	0.7
0.03448275862068965	0.1	1208	9	0.9
0.03448275862068965	0.1	1204	9	0.9
0.03448275862068965	0.1	1202	9	0.8
0.03448275862068965	0.1	1203	9	1.0
0.030303030303030307	0.1	2	9	0.0
0.030303030303030307	0.1	4	9	0.0
0.030303030303030307	0.1	8	9	0.0
0.030303030303030307	0.1	16	9	0.0
0.030303030303030307	0.1	32	9	0.0
0.030303030303030307	0.1	64	9	0.0
0.030303030303030307	0.1	128	9	0.0
0.030303030303030307	0.1	256	9	0.0
0.030303030303030307	0.1	512	9	0.0
0.030303030303030307	0.1	1024	9	0.9
0.030303030303030307	0.1	768	9	0.2
0.030303030303030307	0.1	896	9	0.7
0.030303030303030307	0.1	960	9	0.6
0.030303030303030307	0.1	992	9	0.7
0.030303030303030307	0.1	1008	9	0.7
0.030303030303030307	0.1	1016	9	0.9
0.030303030303030307	0.1	1012	9	0.9
0.030303030303030307	0.1	1010	9	0.8
0.030303030303030307	0.1	1011	9	0.7
0.006666666666666667	0.1	2	9	0.0
0.006666666666666667	0.1	4	9	0.0
0.006666666666666667	0.1	8	9	0.0
0.006666666666666667	0.1	16	9	0.0
0.006666666666666667	0.1	32	9	0.0
0.006666666666666667	0.1	64	9	0.0
0.006666666666666667	0.1	128	9	0.0
0.006666666666666667	0.1	256	9	0.0
0.006666666666666667	0.1	512	9	0.0
0.006666666666666667	0.1	1024	9	0.8
0.006666666666666667	0.1	2048	9	1.0
0.006666666666666667	0.1	1536	9	1.0
0.006666666666666667	0.1	1280	9	0.9
0.006666666666666667	0.1	1152	9	0.9
0.006666666666666667	0.1	1088	9	0.8
0.006666666666666667	0.1	1120	9	0.8
0.006666666666666667	0.1	1136	9	0.9
0.006666666666666667	0.1	1128	9	1.0
0.006666666666666667	0.1	1124	9	1.0
0.006666666666666667	0.1	1122	9	0.9
0.006666666666666667	0.1	1121	9	0.9
0.0033333333333333327	0.1	2	9	0.0
0.0033333333333333327	0.1	4	9	0.0
0.0033333333333333327	0.1	8	9	0.0
0.0033333333333333327	0.1	16	9	0.0
0.0033333333333333327	0.1	32	9	0.0
0.0033333333333333327	0.1	64	9	0.0
0.0033333333333333327	0.1	128	9	0.0
0.0033333333333333327	0.1	256	9	0.0
0.0033333333333333327	0.1	512	9	0.0
0.0033333333333333327	0.1	1024	9	0.7
0.0033333333333333327	0.1	2048	9	1.0
0.0033333333333333327	0.1	1536	9	0.9
0.0033333333333333327	0.1	1280	9	1.0
0.0033333333333333327	0.1	1152	9	0.9
0.0033333333333333327	0.1	1088	9	0.7
0.0033333333333333327	0.1	1120	9	0.7
0.0033333333333333327	0.1	1136	9	0.9
0.0033333333333333327	0.1	1128	9	0.8
0.0033333333333333327	0.1	1132	9	0.9
0.0033333333333333327	0.1	1130	9	0.8
0.0033333333333333327	0.1	1131	9	0.7
1.0	0.125	2	9	0.0
1.0	0.125	4	9	0.0
1.0	0.125	8	9	0.0
1.0	0.125	16	9	0.0
1.0	0.125	32	9	0.0
1.0	0.125	64	9	0.0
1.0	0.125	128	9	0.0
1.0	0.125	256	9	0.0
1.0	0.125	512	9	0.0
1.0	0.125	1024	9	0.7
1.0	0.125	2048	9	1.0
1.0	0.125	1536	9	0.9
1.0	0.125	1280	9	1.0
1.0	0.125	1152	9	1.0
1.0	0.125	1088	9	0.9
1.0	0.125	1056	9	0.6
1.0	0.125	1072	9	0.6
1.0	0.125	1080	9	0.8
1.0	0.125	1084	9	0.5
1.0	0.125	1086	9	0.9
1.0	0.125	1085	9	0.9
0.5	0.125	2	9	0.0
0.5	0.125	4	9	0.0
0.5	0.125	8	9	0.0
0.5	0.125	16	9	0.0
0.5	0.125	32	9	0.0
0.5	0.125	64	9	0.0
0.5	0.125	128	9	0.0
0.5	0.125	256	9	0.0
0.5	0.125	512	9	0.1
0.5	0.125	1024	9	0.7
0.5	0.125	2048	9	1.0
0.5	0.125	1536	9	1.0
0.5	0.125	1280	9	1.0
0.5	0.125	1152	9	0.9
0.5	0.125	1088	9	0.8
0.5	0.125	1120	9	1.0
0.5	0.125	1104	9	0.9
0.5	0.125	1096	9	0.7
0.5	0.125	1100	9	1.0
0.5	0.125	1098	9	0.7
0.5	0.125	1099	9	0.8
0.2	0.125	2	9	0.0
0.2	0.125	4	9	0.0
0.2	0.125	8	9	0.0
0.2	0.125	16	9	0.0
0.2	0.125	32	9	0.0
0.2	0.125	64	9	0.0
0.2	0.125	128	9	0.0
0.2	0.125	256	9	0.0
0.2	0.125	512	9	0.0
0.2	0.125	1024	9	0.8
0.2	0.125	2048	9	1.0
0.2	0.125	1536	9	1.0
0.2	0.125	1280	9	0.9
0.2	0.125	1152	9	0.9
0.2	0.125	1088	9	0.9
0.2	0.125	1056	9	0.8
0.2	0.125	1072	9	0.9
0.2	0.125	1064	9	0.9
0.2	0.125	1060	9	0.8
0.2	0.125	1062	9	1.0
0.2	0.125	1061	9	0.7
0.1111111111111111	0.125	2	9	0.0
0.1111111111111111	0.125	4	9	0.0
0.1111111111111111	0.125	8	9	0.0
0.1111111111111111	0.125	16	9	0.0
0.1111111111111111	0.125	32	9	0.0
0.1111111111111111	0.125	64	9	0.0
0.1111111111111111	0.125	128	9	0.0
0.1111111111111111	0.125	256	9	0.0
0.1111111111111111	0.125	512	9	0.3
0.1111111111111111	0.125	1024	9	0.9
0.1111111111111111	0.125	768	9	0.9
0.1111111111111111	0.125	640	9	0.6
0.1111111111111111	0.125	704	9	0.3
0.1111111111111111	0.125	736	9	0.7
0.1111111111111111	0.125	752	9	0.5
0.1111111111111111	0.125	760	9	0.6
0.1111111111111111	0.125	764	9	0.6
0.1111111111111111	0.125	766	9	0.3
0.1111111111111111	0.125	767	9	0.8
0.07692307692307693	0.125	2	9	0.0
0.07692307692307693	0.125	4	9	0.0
0.07692307692307693	0.125	8	9	0.0
0.07692307692307693	0.125	16	9	0.0
0.07692307692307693	0.125	32	9	0.0
0.07692307692307693	0.125	64	9	0.0
0.07692307692307693	0.125	128	9	0.0
0.07692307692307693	0.125	256	9	0.0
0.07692307692307693	0.125	512	9	0.2
0.07692307692307693	0.125	1024	9	0.8
0.07692307692307693	0.125	2048	9	1.0
0.07692307692307693	0.125	1536	9	1.0
0.07692307692307693	0.125	1280	9	1.0
0.07692307692307693	0.125	1152	9	1.0
0.07692307692307693	0.125	1088	9	1.0
0.07692307692307693	0.125	1056	9	0.8
0.07692307692307693	0.125	1072	9	1.0
0.07692307692307693	0.125	1064	9	0.9
0.07692307692307693	0.125	1060	9	1.0
0.07692307692307693	0.125	1058	9	1.0
0.07692307692307693	0.125	1057	9	0.9
0.05882352941176471	0.125	2	9	0.0
0.05882352941176471	0.125	4	9	0.0
0.05882352941176471	0.125	8	9	0.0
0.05882352941176471	0.125	16	9	0.0
0.05882352941176471	0.125	32	9	0.0
0.05882352941176471	0.125	64	9	0.0
0.05882352941176471	0.125	128	9	0.0
0.05882352941176471	0.125	256	9	0.0
0.05882352941176471	0.125	512	9	0.1
0.05882352941176471	0.125	1024	9	0.9
0.05882352941176471	0.125	768	9	0.7
0.05882352941176471	0.125	896	9	0.9
0.05882352941176471	0.125	832	9	0.8
0.05882352941176471	0.125	864	9	0.6
0.05882352941176471	0.125	880	9	0.9
0.05882352941176471	0.125	872	9	1.0
0.05882352941176471	0.125	868	9	0.6
0.05882352941176471	0.125	870	9	0.9
0.05882352941176471	0.125	869	9	0.7
0.047619047619047616	0.125	2	9	0.0
0.047619047619047616	0.125	4	9	0.0
0.047619047619047616	0.125	8	9	0.0
0.047619047619047616	0.125	16	9	0.0
0.047619047619047616	0.125	32	9	0.0
0.047619047619047616	0.125	64	9	0.0
0.047619047619047616	0.125	128	9	0.0
0.047619047619047616	0.125	256	9	0.0
0.047619047619047616	0.125	512	9	0.0
0.047619047619047616	0.125	1024	9	1.0
0.047619047619047616	0.125	768	9	0.6
0.047619047619047616	0.125	896	9	0.5
0.047619047619047616	0.125	960	9	0.8
0.047619047619047616	0.125	992	9	0.8
0.047619047619047616	0.125	1008	9	1.0
0.047619047619047616	0.125	1000	9	1.0
0.047619047619047616	0.125	996	9	0.9
0.047619047619047616	0.125	994	9	1.0
0.047619047619047616	0.125	993	9	0.8
0.04	0.125	2	9	0.0
0.04	0.125	4	9	0.0
0.04	0.125	8	9	0.0
0.04	0.125	16	9	0.0
0.04	0.125	32	9	0.0
0.04	0.125	64	9	0.0
0.04	0.125	128	9	0.0
0.04	0.125	256	9	0.0
0.04	0.125	512	9	0.1
0.04	0.125	1024	9	0.9
0.04	0.125	768	9	0.5
0.04	0.125	896	9	0.5
0.04	0.125	960	9	1.0
0.04	0.125	928	9	0.7
0.04	0.125	944	9	0.9
0.04	0.125	936	9	1.0
0.04	0.125	932	9	0.9
0.04	0.125	930	9	0.9
0.04	0.125	929	9	1.0
0.03448275862068965	0.125	2	9	0.0
0.03448275862068965	0.125	4	9	0.0
0.03448275862068965	0.125	8	9	0.0
0.03448275862068965	0.125	16	9	0.0
0.03448275862068965	0.125	32	9	0.0
0.03448275862068965	0.125	64	9	0.0
0.03448275862068965	0.125	128	9	0.0
0.03448275862068965	0.125	256	9	0.0
0.03448275862068965	0.125	512	9	0.1
0.03448275862068965	0.125	1024	9	1.0
0.03448275862068965	0.125	768	9	0.9
0.03448275862068965	0.125	640	9	0.6
0.03448275862068965	0.125	704	9	0.5
0.03448275862068965	0.125	736	9	0.4
0.03448275862068965	0.125	752	9	0.5
0.03448275862068965	0.125	760	9	0.8
0.03448275862068965	0.125	764	9	0.6
0.03448275862068965	0.125	766	9	0.6
0.03448275862068965	0.125	767	9	0.3
0.030303030303030307	0.125	2	9	0.0
0.030303030303030307	0.125	4	9	0.0
0.030303030303030307	0.125	8	9	0.0
0.030303030303030307	0.125	16	9	0.0
0.030303030303030307	0.125	32	9	0.0
0.030303030303030307	0.125	64	9	0.0
0.030303030303030307	0.125	128	9	0.0
0.030303030303030307	0.125	256	9	0.0
0.030303030303030307	0.125	512	9	0.0
0.030303030303030307	0.125	1024	9	0.9
0.030303030303030307	0.125	768	9	0.5
0.030303030303030307	0.125	896	9	0.8
0.030303030303030307	0.125	960	9	1.0
0.030303030303030307	0.125	928	9	0.9
0.030303030303030307	0.125	912	9	0.7
0.030303030303030307	0.125	920	9	0.9
0.030303030303030307	0.125	916	9	0.7
0.030303030303030307	0.125	918	9	0.9
0.030303030303030307	0.125	917	9	1.0
0.006666666666666667	0.125	2	9	0.0
0.006666666666666667	0.125	4	9	0.0
0.006666666666666667	0.125	8	9	0.0
0.006666666666666667	0.125	16	9	0.0
0.006666666666666667	0.125	32	9	0.0
0.006666666666666667	0.125	64	9	0.0
0.006666666666666667	0.125	128	9	0.0
0.006666666666666667	0.125	256	9	0.0
0.006666666666666667	0.125	512	9	0.3
0.006666666666666667	0.125	1024	9	0.9
0.006666666666666667	0.125	768	9	0.9
0.006666666666666667	0.125	640	9	0.5
0.006666666666666667	0.125	704	9	0.4
0.006666666666666667	0.125	736	9	0.6
0.006666666666666667	0.125	752	9	0.7
0.006666666666666667	0.125	760	9	0.6
0.006666666666666667	0.125	764	9	0.7
0.006666666666666667	0.125	766	9	0.5
0.006666666666666667	0.125	767	9	0.6
0.0033333333333333327	0.125	2	9	0.0
0.0033333333333333327	0.125	4	9	0.0
0.0033333333333333327	0.125	8	9	0.0
0.0033333333333333327	0.125	16	9	0.0
0.0033333333333333327	0.125	32	9	0.0
0.0033333333333333327	0.125	64	9	0.0
0.0033333333333333327	0.125	128	9	0.0
0.0033333333333333327	0.125	256	9	0.0
0.0033333333333333327	0.125	512	9	0.2
0.0033333333333333327	0.125	1024	9	0.8
0.0033333333333333327	0.125	2048	9	1.0
0.0033333333333333327	0.125	1536	9	0.9
0.0033333333333333327	0.125	1280	9	0.9
0.0033333333333333327	0.125	1152	9	1.0
0.0033333333333333327	0.125	1088	9	1.0
0.0033333333333333327	0.125	1056	9	1.0
0.0033333333333333327	0.125	1040	9	1.0
0.0033333333333333327	0.125	1032	9	1.0
0.0033333333333333327	0.125	1028	9	0.9
0.0033333333333333327	0.125	1026	9	0.9
0.0033333333333333327	0.125	1025	9	0.8
1.0	0.16666666666666666	2	9	0.0
1.0	0.16666666666666666	4	9	0.0
1.0	0.16666666666666666	8	9	0.0
1.0	0.16666666666666666	16	9	0.0
1.0	0.16666666666666666	32	9	0.0
1.0	0.16666666666666666	64	9	0.0
1.0	0.16666666666666666	128	9	0.0
1.0	0.16666666666666666	256	9	0.0
1.0	0.16666666666666666	512	9	0.1
1.0	0.16666666666666666	1024	9	1.0
1.0	0.16666666666666666	768	9	0.6
1.0	0.16666666666666666	896	9	0.8
1.0	0.16666666666666666	960	9	0.7
1.0	0.16666666666666666	992	9	0.8
1.0	0.16666666666666666	1008	9	1.0
1.0	0.16666666666666666	1000	9	1.0
1.0	0.16666666666666666	996	9	0.9
1.0	0.16666666666666666	994	9	0.9
1.0	0.16666666666666666	993	9	0.8
0.5	0.16666666666666666	2	9	0.0
0.5	0.16666666666666666	4	9	0.0
0.5	0.16666666666666666	8	9	0.0
0.5	0.16666666666666666	16	9	0.0
0.5	0.16666666666666666	32	9	0.0
0.5	0.16666666666666666	64	9	0.0
0.5	0.16666666666666666	128	9	0.0
0.5	0.16666666666666666	256	9	0.0
0.5	0.16666666666666666	512	9	0.2
0.5	0.16666666666666666	1024	9	0.9
0.5	0.16666666666666666	768	9	0.9
0.5	0.16666666666666666	640	9	0.6
0.5	0.16666666666666666	704	9	0.7
0.5	0.16666666666666666	736	9	0.6
0.5	0.16666666666666666	752	9	0.6
0.5	0.16666666666666666	760	9	0.9
0.5	0.16666666666666666	756	9	0.9
0.5	0.16666666666666666	754	9	0.7
0.5	0.16666666666666666	755	9	0.6
0.2	0.16666666666666666	2	9	0.0
0.2	0.16666666666666666	4	9	0.0
0.2	0.16666666666666666	8	9	0.0
0.2	0.16666666666666666	16	9	0.0
0.2	0.16666666666666666	32	9	0.0
0.2	0.16666666666666666	64	9	0.0
0.2	0.16666666666666666	128	9	0.0
0.2	0.16666666666666666	256	9	0.0
0.2	0.16666666666666666	512	9	0.4
0.2	0.16666666666666666	1024	9	1.0
0.2	0.16666666666666666	768	9	0.8
0.2	0.16666666666666666	896	9	1.0
0.2	0.16666666666666666	832	9	1.0
0.2	0.16666666666666666	800	9	1.0
0.2	0.16666666666666666	784	9	1.0
0.2	0.16666666666666666	776	9	0.9
0.2	0.16666666666666666	772	9	0.9
0.2	0.16666666666666666	770	9	1.0
0.2	0.16666666666666666	769	9	0.8
0.1111111111111111	0.16666666666666666	2	9	0.0
0.1111111111111111	0.16666666666666666	4	9	0.0
0.1111111111111111	0.16666666666666666	8	9	0.0
0.1111111111111111	0.16666666666666666	16	9	0.0
0.1111111111111111	0.16666666666666666	32	9	0.0
0.1111111111111111	0.16666666666666666	64	9	0.0
0.1111111111111111	0.16666666666666666	128	9	0.0
0.1111111111111111	0.16666666666666666	256	9	0.0
0.1111111111111111	0.16666666666666666	512	9	0.3
0.1111111111111111	0.16666666666666666	1024	9	1.0
0.1111111111111111	0.16666666666666666	768	9	0.8
0.1111111111111111	0.16666666666666666	896	9	1.0
0.1111111111111111	0.16666666666666666	832	9	1.0
0.1111111111111111	0.16666666666666666	800	9	0.9
0.1111111111111111	0.16666666666666666	784	9	1.0
0.1111111111111111	0.16666666666666666	776	9	1.0
0.1111111111111111	0.16666666666666666	772	9	0.8
0.1111111111111111	0.16666666666666666	774	9	0.9
0.1111111111111111	0.16666666666666666	773	9	0.9
0.07692307692307693	0.16666666666666666	2	9	0.0
0.07692307692307693	0.16666666666666666	4	9	0.0
0.07692307692307693	0.16666666666666666	8	9	0.0
0.07692307692307693	0.16666666666666666	16	9	0.0
0.07692307692307693	0.16666666666666666	32	9	0.0
0.07692307692307693	0.16666666666666666	64	9	0.0
0.07692307692307693	0.16666666666666666	128	9	0.0
0.07692307692307693	0.16666666666666666	256	9	0.0
0.07692307692307693	0.16666666666666666	512	9	0.3
0.07692307692307693	0.16666666666666666	1024	9	1.0
0.07692307692307693	0.16666666666666666	768	9	0.9
0.07692307692307693	0.16666666666666666	640	9	0.7
0.07692307692307693	0.16666666666666666	704	9	0.7
0.07692307692307693	0.16666666666666666	736	9	0.8
0.07692307692307693	0.16666666666666666	752	9	0.7
0.07692307692307693	0.16666666666666666	760	9	0.8
0.07692307692307693	0.16666666666666666	764	9	0.9
0.07692307692307693	0.16666666666666666	762	9	0.9
0.07692307692307693	0.16666666666666666	761	9	0.9
0.05882352941176471	0.16666666666666666	2	9	0.0
0.05882352941176471	0.16666666666666666	4	9	0.0
0.05882352941176471	0.16666666666666666	8	9	0.0
0.05882352941176471	0.16666666666666666	16	9	0.0
0.05882352941176471	0.16666666666666666	32	9	0.0
0.05882352941176471	0.16666666666666666	64	9	0.0
0.05882352941176471	0.16666666666666666	128	9	0.0
0.05882352941176471	0.16666666666666666	256	9	0.0
0.05882352941176471	0.16666666666666666	512	9	0.6
0.05882352941176471	0.16666666666666666	1024	9	1.0
0.05882352941176471	0.16666666666666666	768	9	0.9
0.05882352941176471	0.16666666666666666	640	9	0.7
0.05882352941176471	0.16666666666666666	704	9	1.0
0.05882352941176471	0.16666666666666666	672	9	0.8
0.05882352941176471	0.16666666666666666	688	9	1.0
0.05882352941176471	0.16666666666666666	680	9	1.0
0.05882352941176471	0.16666666666666666	676	9	0.9
0.05882352941176471	0.16666666666666666	674	9	0.6
0.05882352941176471	0.16666666666666666	675	9	0.8
0.047619047619047616	0.16666666666666666	2	9	0.0
0.047619047619047616	0.16666666666666666	4	9	0.0
0.047619047619047616	0.16666666666666666	8	9	0.0
0.047619047619047616	0.16666666666666666	16	9	0.0
0.047619047619047616	0.16666666666666666	32	9	0.0
0.047619047619047616	0.16666666666666666	64	9	0.0
0.047619047619047616	0.16666666666666666	128	9	0.0
0.047619047619047616	0.16666666666666666	256	9	0.0
0.047619047619047616	0.16666666666666666	512	9	0.6
0.047619047619047616	0.16666666666666666	1024	9	1.0
0.047619047619047616	0.16666666666666666	768	9	1.0
0.047619047619047616	0.16666666666666666	640	9	0.8
0.047619047619047616	0.16666666666666666	704	9	0.7
0.047619047619047616	0.16666666666666666	736	9	1.0
0.047619047619047616	0.16666666666666666	720	9	0.7
0.047619047619047616	0.16666666666666666	728	9	0.6
0.047619047619047616	0.16666666666666666	732	9	0.9
0.047619047619047616	0.16666666666666666	730	9	0.9
0.047619047619047616	0.16666666666666666	729	9	0.7
0.04	0.16666666666666666	2	9	0.0
0.04	0.16666666666666666	4	9	0.0
0.04	0.16666666666666666	8	9	0.0
0.04	0.16666666666666666	16	9	0.0
0.04	0.16666666666666666	32	9	0.0
0.04	0.16666666666666666	64	9	0.0
0.04	0.16666666666666666	128	9	0.0
0.04	0.16666666666666666	256	9	0.0
0.04	0.16666666666666666	512	9	0.4
0.04	0.16666666666666666	1024	9	0.9
0.04	0.16666666666666666	768	9	0.9
0.04	0.16666666666666666	640	9	0.7
0.04	0.16666666666666666	704	9	0.9
0.04	0.16666666666666666	672	9	0.7
0.04	0.16666666666666666	688	9	0.8
0.04	0.16666666666666666	696	9	0.9
0.04	0.16666666666666666	692	9	0.7
0.04	0.16666666666666666	694	9	0.8
0.04	0.16666666666666666	695	9	0.8
0.03448275862068965	0.16666666666666666	2	9	0.0
0.03448275862068965	0.16666666666666666	4	9	0.0
0.03448275862068965	0.16666666666666666	8	9	0.0
0.03448275862068965	0.16666666666666666	16	9	0.0
0.03448275862068965	0.16666666666666666	32	9	0.0
0.03448275862068965	0.16666666666666666	64	9	0.0
0.03448275862068965	0.16666666666666666	128	9	0.0
0.03448275862068965	0.16666666666666666	256	9	0.0
0.03448275862068965	0.16666666666666666	512	9	0.3
0.03448275862068965	0.16666666666666666	1024	9	1.0
0.03448275862068965	0.16666666666666666	768	9	0.9
0.03448275862068965	0.16666666666666666	640	9	0.6
0.03448275862068965	0.16666666666666666	704	9	1.0
0.03448275862068965	0.16666666666666666	672	9	0.8
0.03448275862068965	0.16666666666666666	688	9	1.0
0.03448275862068965	0.16666666666666666	680	9	0.9
0.03448275862068965	0.16666666666666666	676	9	0.9
0.03448275862068965	0.16666666666666666	674	9	0.8
0.03448275862068965	0.16666666666666666	675	9	1.0
0.030303030303030307	0.16666666666666666	2	9	0.0
0.030303030303030307	0.16666666666666666	4	9	0.0
0.030303030303030307	0.16666666666666666	8	9	0.0
0.030303030303030307	0.16666666666666666	16	9	0.0
0.030303030303030307	0.16666666666666666	32	9	0.0
0.030303030303030307	0.16666666666666666	64	9	0.0
0.030303030303030307	0.16666666666666666	128	9	0.0
0.030303030303030307	0.16666666666666666	256	9	0.0
0.030303030303030307	0.16666666666666666	512	9	0.2
0.030303030303030307	0.16666666666666666	1024	9	1.0
0.030303030303030307	0.16666666666666666	768	9	0.9
0.030303030303030307	0.16666666666666666	640	9	0.7
0.030303030303030307	0.16666666666666666	704	9	0.8
0.030303030303030307	0.16666666666666666	736	9	0.9
0.030303030303030307	0.16666666666666666	720	9	0.8
0.030303030303030307	0.16666666666666666	728	9	0.9
0.030303030303030307	0.16666666666666666	724	9	0.8
0.030303030303030307	0.16666666666666666	726	9	0.8
0.030303030303030307	0.16666666666666666	727	9	0.9
0.006666666666666667	0.16666666666666666	2	9	0.0
0.006666666666666667	0.16666666666666666	4	9	0.0
0.006666666666666667	0.16666666666666666	8	9	0.0
0.006666666666666667	0.16666666666666666	16	9	0.0
0.006666666666666667	0.16666666666666666	32	9	0.0
0.006666666666666667	0.16666666666666666	64	9	0.0
0.006666666666666667	0.16666666666666666	128	9	0.0
0.006666666666666667	0.16666666666666666	256	9	0.0
0.006666666666666667	0.16666666666666666	512	9	0.9
0.006666666666666667	0.16666666666666666	384	9	0.2
0.006666666666666667	0.16666666666666666	448	9	0.2
0.006666666666666667	0.16666666666666666	480	9	0.1
0.006666666666666667	0.16666666666666666	496	9	0.2
0.006666666666666667	0.16666666666666666	504	9	0.4
0.006666666666666667	0.16666666666666666	508	9	0.4
0.006666666666666667	0.16666666666666666	510	9	0.3
0.006666666666666667	0.16666666666666666	511	9	0.3
0.0033333333333333327	0.16666666666666666	2	9	0.0
0.0033333333333333327	0.16666666666666666	4	9	0.0
0.0033333333333333327	0.16666666666666666	8	9	0.0
0.0033333333333333327	0.16666666666666666	16	9	0.0
0.0033333333333333327	0.16666666666666666	32	9	0.0
0.0033333333333333327	0.16666666666666666	64	9	0.0
0.0033333333333333327	0.16666666666666666	128	9	0.0
0.0033333333333333327	0.16666666666666666	256	9	0.0
0.0033333333333333327	0.16666666666666666	512	9	0.3
0.0033333333333333327	0.16666666666666666	1024	9	1.0
0.0033333333333333327	0.16666666666666666	768	9	0.8
0.0033333333333333327	0.16666666666666666	896	9	1.0
0.0033333333333333327	0.16666666666666666	832	9	1.0
0.0033333333333333327	0.16666666666666666	800	9	1.0
0.0033333333333333327	0.16666666666666666	784	9	0.8
0.0033333333333333327	0.16666666666666666	792	9	0.8
0.0033333333333333327	0.16666666666666666	796	9	0.9
0.0033333333333333327	0.16666666666666666	794	9	1.0
0.0033333333333333327	0.16666666666666666	793	9	1.0
1.0	0.25	2	9	0.0
1.0	0.25	4	9	0.0
1.0	0.25	8	9	0.0
1.0	0.25	16	9	0.0
1.0	0.25	32	9	0.0
1.0	0.25	64	9	0.0
1.0	0.25	128	9	0.0
1.0	0.25	256	9	0.0
1.0	0.25	512	9	0.7
1.0	0.25	1024	9	1.0
1.0	0.25	768	9	0.9
1.0	0.25	640	9	0.6
1.0	0.25	704	9	0.9
1.0	0.25	672	9	1.0
1.0	0.25	656	9	0.6
1.0	0.25	664	9	0.6
1.0	0.25	668	9	0.7
1.0	0.25	670	9	0.7
1.0	0.25	671	9	0.7
0.5	0.25	2	9	0.0
0.5	0.25	4	9	0.0
0.5	0.25	8	9	0.0
0.5	0.25	16	9	0.0
0.5	0.25	32	9	0.0
0.5	0.25	64	9	0.0
0.5	0.25	128	9	0.0
0.5	0.25	256	9	0.0
0.5	0.25	512	9	0.5
0.5	0.25	1024	9	1.0
0.5	0.25	768	9	1.0
0.5	0.25	640	9	1.0
0.5	0.25	576	9	0.8
0.5	0.25	608	9	0.8
0.5	0.25	624	9	0.7
0.5	0.25	632	9	0.9
0.5	0.25	628	9	0.9
0.5	0.25	626	9	1.0
0.5	0.25	625	9	1.0
0.2	0.25	2	9	0.0
0.2	0.25	4	9	0.0
0.2	0.25	8	9	0.0
0.2	0.25	16	9	0.0
0.2	0.25	32	9	0.0
0.2	0.25	64	9	0.0
0.2	0.25	128	9	0.0
0.2	0.25	256	9	0.0
0.2	0.25	512	9	0.9
0.2	0.25	384	9	0.5
0.2	0.25	448	9	0.7
0.2	0.25	480	9	0.6
0.2	0.25	496	9	0.9
0.2	0.25	488	9	0.9
0.2	0.25	484	9	0.8
0.2	0.25	486	9	0.7
0.2	0.25	487	9	0.9
0.1111111111111111	0.25	2	9	0.0
0.1111111111111111	0.25	4	9	0.0
0.1111111111111111	0.25	8	9	0.0
0.1111111111111111	0.25	16	9	0.0
0.1111111111111111	0.25	32	9	0.0
0.1111111111111111	0.25	64	9	0.0
0.1111111111111111	0.25	128	9	0.0
0.1111111111111111	0.25	256	9	0.0
0.1111111111111111	0.25	512	9	0.6
0.1111111111111111	0.25	1024	9	1.0
0.1111111111111111	0.25	768	9	1.0
0.1111111111111111	0.25	640	9	1.0
0.1111111111111111	0.25	576	9	0.9
0.1111111111111111	0.25	544	9	1.0
0.1111111111111111	0.25	528	9	0.5
0.1111111111111111	0.25	536	9	0.8
0.1111111111111111	0.25	540	9	0.9
0.1111111111111111	0.25	538	9	1.0
0.1111111111111111	0.25	537	9	1.0
0.07692307692307693	0.25	2	9	0.0
0.07692307692307693	0.25	4	9	0.0
0.07692307692307693	0.25	8	9	0.0
0.07692307692307693	0.25	16	9	0.0
0.07692307692307693	0.25	32	9	0.0
0.07692307692307693	0.25	64	9	0.0
0.07692307692307693	0.25	128	9	0.0
0.07692307692307693	0.25	256	9	0.0
0.07692307692307693	0.25	512	9	0.6
0.07692307692307693	0.25	1024	9	1.0
0.07692307692307693	0.25	768	9	1.0
0.07692307692307693	0.25	640	9	1.0
0.07692307692307693	0.25	576	9	0.8
0.07692307692307693	0.25	608	9	0.8
0.07692307692307693	0.25	624	9	1.0
0.07692307692307693	0.25	616	9	1.0
0.07692307692307693	0.25	612	9	0.9
0.07692307692307693	0.25	610	9	1.0
0.07692307692307693	0.25	609	9	1.0
0.05882352941176471	0.25	2	9	0.0
0.05882352941176471	0.25	4	9	0.0
0.05882352941176471	0.25	8	9	0.0
0.05882352941176471	0.25	16	9	0.0
0.05882352941176471	0.25	32	9	0.0
0.05882352941176471	0.25	64	9	0.0
0.05882352941176471	0.25	128	9	0.0
0.05882352941176471	0.25	256	9	0.0
0.05882352941176471	0.25	512	9	0.6
0.05882352941176471	0.25	1024	9	1.0
0.05882352941176471	0.25	768	9	1.0
0.05882352941176471	0.25	640	9	0.8
0.05882352941176471	0.25	704	9	1.0
0.05882352941176471	0.25	672	9	1.0
0.05882352941176471	0.25	656	9	1.0
0.05882352941176471	0.25	648	9	1.0
0.05882352941176471	0.25	644	9	1.0
0.05882352941176471	0.25	642	9	1.0
0.05882352941176471	0.25	641	9	1.0
0.047619047619047616	0.25	2	9	0.0
0.047619047619047616	0.25	4	9	0.0
0.047619047619047616	0.25	8	9	0.0
0.047619047619047616	0.25	16	9	0.0
0.047619047619047616	0.25	32	9	0.0
0.047619047619047616	0.25	64	9	0.0
0.047619047619047616	0.25	128	9	0.0
0.047619047619047616	0.25	256	9	0.0
0.047619047619047616	0.25	512	9	1.0
0.047619047619047616	0.25	384	9	0.3
0.047619047619047616	0.25	448	9	0.9
0.047619047619047616	0.25	416	9	0.7
0.047619047619047616	0.25	432	9	0.5
0.047619047619047616	0.25	440	9	0.8
0.047619047619047616	0.25	444	9	0.9
0.047619047619047616	0.25	442	9	0.6
0.047619047619047616	0.25	443	9	0.4
0.04	0.25	2	9	0.0
0.04	0.25	4	9	0.0
0.04	0.25	8	9	0.0
0.04	0.25	16	9	0.0
0.04	0.25	32	9	0.0
0.04	0.25	64	9	0.0
0.04	0.25	128	9	0.0
0.04	0.25	256	9	0.0
0.04	0.25	512	9	0.9
0.04	0.25	384	9	0.7
0.04	0.25	448	9	0.8
0.04	0.25	480	9	0.8
0.04	0.25	496	9	0.8
0.04	0.25	504	9	1.0
0.04	0.25	500	9	0.9
0.04	0.25	498	9	0.9
0.04	0.25	497	9	0.8
0.03448275862068965	0.25	2	9	0.0
0.03448275862068965	0.25	4	9	0.0
0.03448275862068965	0.25	8	9	0.0
0.03448275862068965	0.25	16	9	0.0
0.03448275862068965	0.25	32	9	0.0
0.03448275862068965	0.25	64	9	0.0
0.03448275862068965	0.25	128	9	0.0
0.03448275862068965	0.25	256	9	0.0
0.03448275862068965	0.25	512	9	0.9
0.03448275862068965	0.25	384	9	0.2
0.03448275862068965	0.25	448	9	0.7
0.03448275862068965	0.25	480	9	0.9
0.03448275862068965	0.25	464	9	0.6
0.03448275862068965	0.25	472	9	0.9
0.03448275862068965	0.25	468	9	0.7
0.03448275862068965	0.25	470	9	0.7
0.03448275862068965	0.25	471	9	0.8
0.030303030303030307	0.25	2	9	0.0
0.030303030303030307	0.25	4	9	0.0
0.030303030303030307	0.25	8	9	0.0
0.030303030303030307	0.25	16	9	0.0
0.030303030303030307	0.25	32	9	0.0
0.030303030303030307	0.25	64	9	0.0
0.030303030303030307	0.25	128	9	0.0
0.030303030303030307	0.25	256	9	0.0
0.030303030303030307	0.25	512	9	0.7
0.030303030303030307	0.25	1024	9	1.0
0.030303030303030307	0.25	768	9	1.0
0.030303030303030307	0.25	640	9	1.0
0.030303030303030307	0.25	576	9	0.9
0.030303030303030307	0.25	544	9	0.9
0.030303030303030307	0.25	528	9	0.8
0.030303030303030307	0.25	536	9	1.0
0.030303030303030307	0.25	532	9	0.9
0.030303030303030307	0.25	530	9	0.9
0.030303030303030307	0.25	529	9	0.9
0.006666666666666667	0.25	2	9	0.0
0.006666666666666667	0.25	4	9	0.0
0.006666666666666667	0.25	8	9	0.0
0.006666666666666667	0.25	16	9	0.0
0.006666666666666667	0.25	32	9	0.0
0.006666666666666667	0.25	64	9	0.0
0.006666666666666667	0.25	128	9	0.0
0.006666666666666667	0.25	256	9	0.1
0.006666666666666667	0.25	512	9	1.0
0.006666666666666667	0.25	384	9	0.5
0.006666666666666667	0.25	448	9	0.6
0.006666666666666667	0.25	480	9	0.7
0.006666666666666667	0.25	496	9	0.8
0.006666666666666667	0.25	504	9	0.8
0.006666666666666667	0.25	508	9	1.0
0.006666666666666667	0.25	506	9	1.0
0.006666666666666667	0.25	505	9	0.8
0.0033333333333333327	0.25	2	9	0.0
0.0033333333333333327	0.25	4	9	0.0
0.0033333333333333327	0.25	8	9	0.0
0.0033333333333333327	0.25	16	9	0.0
0.0033333333333333327	0.25	32	9	0.0
0.0033333333333333327	0.25	64	9	0.0
0.0033333333333333327	0.25	128	9	0.0
0.0033333333333333327	0.25	256	9	0.0
0.0033333333333333327	0.25	512	9	1.0
0.0033333333333333327	0.25	384	9	0.3
0.0033333333333333327	0.25	448	9	0.7
0.0033333333333333327	0.25	480	9	0.9
0.0033333333333333327	0.25	464	9	0.8
0.0033333333333333327	0.25	472	9	0.6
0.0033333333333333327	0.25	476	9	0.8
0.0033333333333333327	0.25	478	9	0.7
0.0033333333333333327	0.25	479	9	0.6
1.0	0.5	2	9	0.0
1.0	0.5	4	9	0.0
1.0	0.5	8	9	0.0
1.0	0.5	16	9	0.0
1.0	0.5	32	9	0.0
1.0	0.5	64	9	0.0
1.0	0.5	128	9	0.0
1.0	0.5	256	9	0.0
1.0	0.5	512	9	0.7
1.0	0.5	1024	9	0.9
1.0	0.5	768	9	0.7
1.0	0.5	896	9	0.7
1.0	0.5	960	9	0.9
1.0	0.5	928	9	1.0
1.0	0.5	912	9	0.8
1.0	0.5	920	9	1.0
1.0	0.5	916	9	0.8
1.0	0.5	918	9	0.8
1.0	0.5	919	9	0.5
0.5	0.5	2	9	0.0
0.5	0.5	4	9	0.0
0.5	0.5	8	9	0.0
0.5	0.5	16	9	0.0
0.5	0.5	32	9	0.0
0.5	0.5	64	9	0.0
0.5	0.5	128	9	0.0
0.5	0.5	256	9	0.4
0.5	0.5	512	9	0.8
0.5	0.5	1024	9	1.0
0.5	0.5	768	9	1.0
0.5	0.5	640	9	1.0
0.5	0.5	576	9	1.0
0.5	0.5	544	9	1.0
0.5	0.5	528	9	0.8
0.5	0.5	536	9	0.8
0.5	0.5	540	9	1.0
0.5	0.5	538	9	1.0
0.5	0.5	537	9	0.8
0.2	0.5	2	9	0.0
0.2	0.5	4	9	0.0
0.2	0.5	8	9	0.0
0.2	0.5	16	9	0.0
0.2	0.5	32	9	0.0
0.2	0.5	64	9	0.0
0.2	0.5	128	9	0.0
0.2	0.5	256	9	0.3
0.2	0.5	512	9	1.0
0.2	0.5	384	9	0.8
0.2	0.5	448	9	1.0
0.2	0.5	416	9	1.0
0.2	0.5	400	9	0.9
0.2	0.5	392	9	0.9
0.2	0.5	388	9	0.8
0.2	0.5	390	9	1.0
0.2	0.5	389	9	1.0
0.1111111111111111	0.5	2	9	0.0
0.1111111111111111	0.5	4	9	0.0
0.1111111111111111	0.5	8	9	0.0
0.1111111111111111	0.5	16	9	0.0
0.1111111111111111	0.5	32	9	0.0
0.1111111111111111	0.5	64	9	0.0
0.1111111111111111	0.5	128	9	0.0
0.1111111111111111	0.5	256	9	0.4
0.1111111111111111	0.5	512	9	1.0
0.1111111111111111	0.5	384	9	1.0
0.1111111111111111	0.5	320	9	0.8
0.1111111111111111	0.5	352	9	1.0
0.1111111111111111	0.5	336	9	0.9
0.1111111111111111	0.5	328	9	1.0
0.1111111111111111	0.5	324	9	0.9
0.1111111111111111	0.5	322	9	0.9
0.1111111111111111	0.5	321	9	0.7
0.07692307692307693	0.5	2	9	0.0
0.07692307692307693	0.5	4	9	0.0
0.07692307692307693	0.5	8	9	0.0
0.07692307692307693	0.5	16	9	0.0
0.07692307692307693	0.5	32	9	0.0
0.07692307692307693	0.5	64	9	0.0
0.07692307692307693	0.5	128	9	0.0
0.07692307692307693	0.5	256	9	0.6
0.07692307692307693	0.5	512	9	1.0
0.07692307692307693	0.5	384	9	0.9
0.07692307692307693	0.5	320	9	0.9
0.07692307692307693	0.5	288	9	0.6
0.07692307692307693	0.5	304	9	0.9
0.07692307692307693	0.5	296	9	1.0
0.07692307692307693	0.5	292	9	0.7
0.07692307692307693	0.5	294	9	0.7
0.07692307692307693	0.5	295	9	0.9
0.05882352941176471	0.5	2	9	0.0
0.05882352941176471	0.5	4	9	0.0
0.05882352941176471	0.5	8	9	0.0
0.05882352941176471	0.5	16	9	0.0
0.05882352941176471	0.5	32	9	0.0
0.05882352941176471	0.5	64	9	0.0
0.05882352941176471	0.5	128	9	0.0
0.05882352941176471	0.5	256	9	0.6
0.05882352941176471	0.5	512	9	1.0
0.05882352941176471	0.5	384	9	0.9
0.05882352941176471	0.5	320	9	0.8
0.05882352941176471	0.5	352	9	0.9
0.05882352941176471	0.5	336	9	0.9
0.05882352941176471	0.5	328	9	0.8
0.05882352941176471	0.5	332	9	0.9
0.05882352941176471	0.5	330	9	0.9
0.05882352941176471	0.5	329	9	0.8
0.047619047619047616	0.5	2	9	0.0
0.047619047619047616	0.5	4	9	0.0
0.047619047619047616	0.5	8	9	0.0
0.047619047619047616	0.5	16	9	0.0
0.047619047619047616	0.5	32	9	0.0
0.047619047619047616	0.5	64	9	0.0
0.047619047619047616	0.5	128	9	0.0
0.047619047619047616	0.5	256	9	0.5
0.047619047619047616	0.5	512	9	1.0
0.047619047619047616	0.5	384	9	1.0
0.047619047619047616	0.5	320	9	0.7
0.047619047619047616	0.5	352	9	0.9
0.047619047619047616	0.5	336	9	1.0
0.047619047619047616	0.5	328	9	0.9
0.047619047619047616	0.5	324	9	0.8
0.047619047619047616	0.5	326	9	0.7
0.047619047619047616	0.5	327	9	0.8
0.04	0.5	2	9	0.0
0.04	0.5	4	9	0.0
0.04	0.5	8	9	0.0
0.04	0.5	16	9	0.0
0.04	0.5	32	9	0.0
0.04	0.5	64	9	0.0
0.04	0.5	128	9	0.0
0.04	0.5	256	9	0.3
0.04	0.5	512	9	1.0
0.04	0.5	384	9	0.9
0.04	0.5	320	9	0.7
0.04	0.5	352	9	1.0
0.04	0.5	336	9	0.7
0.04	0.5	344	9	0.8
0.04	0.5	348	9	1.0
0.04	0.5	346	9	1.0
0.04	0.5	345	9	0.9
0.03448275862068965	0.5	2	9	0.0
0.03448275862068965	0.5	4	9	0.0
0.03448275862068965	0.5	8	9	0.0
0.03448275862068965	0.5	16	9	0.0
0.03448275862068965	0.5	32	9	0.0
0.03448275862068965	0.5	64	9	0.0
0.03448275862068965	0.5	128	9	0.0
0.03448275862068965	0.5	256	9	0.3
0.03448275862068965	0.5	512	9	1.0
0.03448275862068965	0.5	384	9	1.0
0.03448275862068965	0.5	320	9	0.8
0.03448275862068965	0.5	352	9	1.0
0.03448275862068965	0.5	336	9	1.0
0.03448275862068965	0.5	328	9	0.9
0.03448275862068965	0.5	324	9	0.8
0.03448275862068965	0.5	326	9	0.8
0.03448275862068965	0.5	327	9	0.8
0.030303030303030307	0.5	2	9	0.0
0.030303030303030307	0.5	4	9	0.0
0.030303030303030307	0.5	8	9	0.0
0.030303030303030307	0.5	16	9	0.0
0.030303030303030307	0.5	32	9	0.0
0.030303030303030307	0.5	64	9	0.0
0.030303030303030307	0.5	128	9	0.0
0.030303030303030307	0.5	256	9	0.8
0.030303030303030307	0.5	512	9	1.0
0.030303030303030307	0.5	384	9	1.0
0.030303030303030307	0.5	320	9	0.9
0.030303030303030307	0.5	288	9	0.6
0.030303030303030307	0.5	304	9	1.0
0.030303030303030307	0.5	296	9	0.7
0.030303030303030307	0.5	300	9	0.7
0.030303030303030307	0.5	302	9	0.9
0.030303030303030307	0.5	301	9	1.0
0.006666666666666667	0.5	2	9	0.0
0.006666666666666667	0.5	4	9	0.0
0.006666666666666667	0.5	8	9	0.0
0.006666666666666667	0.5	16	9	0.0
0.006666666666666667	0.5	32	9	0.0
0.006666666666666667	0.5	64	9	0.0
0.006666666666666667	0.5	128	9	0.0
0.006666666666666667	0.5	256	9	0.7
0.006666666666666667	0.5	512	9	1.0
0.006666666666666667	0.5	384	9	1.0
0.006666666666666667	0.5	320	9	0.9
0.006666666666666667	0.5	288	9	0.9
0.006666666666666667	0.5	272	9	0.5
0.006666666666666667	0.5	280	9	0.8
0.006666666666666667	0.5	284	9	0.9
0.006666666666666667	0.5	282	9	0.7
0.006666666666666667	0.5	283	9	0.6
0.0033333333333333327	0.5	2	9	0.0
0.0033333333333333327	0.5	4	9	0.0
0.0033333333333333327	0.5	8	9	0.0
0.0033333333333333327	0.5	16	9	0.0
0.0033333333333333327	0.5	32	9	0.0
0.0033333333333333327	0.5	64	9	0.0
0.0033333333333333327	0.5	128	9	0.0
0.0033333333333333327	0.5	256	9	0.3
0.0033333333333333327	0.5	512	9	1.0
0.0033333333333333327	0.5	384	9	1.0
0.0033333333333333327	0.5	320	9	0.7
0.0033333333333333327	0.5	352	9	0.8
0.0033333333333333327	0.5	368	9	0.9
0.0033333333333333327	0.5	360	9	1.0
0.0033333333333333327	0.5	356	9	0.9
0.0033333333333333327	0.5	354	9	0.8
0.0033333333333333327	0.5	355	9	0.9
1.0	1.0	2	9	0.0
1.0	1.0	4	9	0.0
1.0	1.0	8	9	0.0
1.0	1.0	16	9	0.0
1.0	1.0	32	9	0.0
1.0	1.0	64	9	0.0
1.0	1.0	128	9	0.0
1.0	1.0	256	9	0.0
1.0	1.0	512	9	0.3
1.0	1.0	1024	9	0.2
1.0	1.0	2048	9	0.7
1.0	1.0	4096	9	0.4
0.5	1.0	2	9	0.0
0.5	1.0	4	9	0.0
0.5	1.0	8	9	0.0
0.5	1.0	16	9	0.0
0.5	1.0	32	9	0.0
0.5	1.0	64	9	0.0
0.5	1.0	128	9	0.0
0.5	1.0	256	9	0.2
0.5	1.0	512	9	0.9
0.5	1.0	384	9	0.6
0.5	1.0	448	9	0.8
0.5	1.0	480	9	0.9
0.5	1.0	464	9	0.8
0.5	1.0	472	9	0.8
0.5	1.0	476	9	0.8
0.5	1.0	478	9	0.9
0.5	1.0	477	9	1.0
0.2	1.0	2	9	0.0
0.2	1.0	4	9	0.0
0.2	1.0	8	9	0.0
0.2	1.0	16	9	0.0
0.2	1.0	32	9	0.0
0.2	1.0	64	9	0.0
0.2	1.0	128	9	0.0
0.2	1.0	256	9	0.9
0.2	1.0	192	9	0.4
0.2	1.0	224	9	0.4
0.2	1.0	240	9	0.7
0.2	1.0	248	9	0.4
0.2	1.0	252	9	0.7
0.2	1.0	254	9	0.9
0.2	1.0	253	9	0.6
0.1111111111111111	1.0	2	9	0.0
0.1111111111111111	1.0	4	9	0.0
0.1111111111111111	1.0	8	9	0.0
0.1111111111111111	1.0	16	9	0.0
0.1111111111111111	1.0	32	9	0.0
0.1111111111111111	1.0	64	9	0.0
0.1111111111111111	1.0	128	9	0.0
0.1111111111111111	1.0	256	9	0.8
0.1111111111111111	1.0	512	9	1.0
0.1111111111111111	1.0	384	9	1.0
0.1111111111111111	1.0	320	9	0.8
0.1111111111111111	1.0	352	9	0.9
0.1111111111111111	1.0	336	9	1.0
0.1111111111111111	1.0	328	9	0.9
0.1111111111111111	1.0	324	9	0.8
0.1111111111111111	1.0	326	9	1.0
0.1111111111111111	1.0	325	9	1.0
0.07692307692307693	1.0	2	9	0.0
0.07692307692307693	1.0	4	9	0.0
0.07692307692307693	1.0	8	9	0.0
0.07692307692307693	1.0	16	9	0.0
0.07692307692307693	1.0	32	9	0.0
0.07692307692307693	1.0	64	9	0.0
0.07692307692307693	1.0	128	9	0.1
0.07692307692307693	1.0	256	9	0.8
0.07692307692307693	1.0	512	9	1.0
0.07692307692307693	1.0	384	9	1.0
0.07692307692307693	1.0	320	9	0.9
0.07692307692307693	1.0	288	9	0.9
0.07692307692307693	1.0	272	9	0.7
0.07692307692307693	1.0	280	9	0.9
0.07692307692307693	1.0	276	9	0.9
0.07692307692307693	1.0	274	9	0.7
0.07692307692307693	1.0	275	9	0.7
0.05882352941176471	1.0	2	9	0.0
0.05882352941176471	1.0	4	9	0.0
0.05882352941176471	1.0	8	9	0.0
0.05882352941176471	1.0	16	9	0.0
0.05882352941176471	1.0	32	9	0.0
0.05882352941176471	1.0	64	9	0.0
0.05882352941176471	1.0	128	9	0.1
0.05882352941176471	1.0	256	9	0.9
0.05882352941176471	1.0	192	9	0.9
0.05882352941176471	1.0	160	9	0.1
0.05882352941176471	1.0	176	9	0.2
0.05882352941176471	1.0	184	9	0.5
0.05882352941176471	1.0	188	9	0.6
0.05882352941176471	1.0	190	9	0.4
0.05882352941176471	1.0	191	9	0.3
0.047619047619047616	1.0	2	9	0.0
0.047619047619047616	1.0	4	9	0.0
0.047619047619047616	1.0	8	9	0.0
0.047619047619047616	1.0	16	9	0.0
0.047619047619047616	1.0	32	9	0.0
0.047619047619047616	1.0	64	9	0.0
0.047619047619047616	1.0	128	9	0.3
0.047619047619047616	1.0	256	9	0.6
0.047619047619047616	1.0	512	9	1.0
0.047619047619047616	1.0	384	9	1.0
0.047619047619047616	1.0	320	9	1.0
0.047619047619047616	1.0	288	9	0.9
0.047619047619047616	1.0	272	9	1.0
0.047619047619047616	1.0	264	9	0.9
0.047619047619047616	1.0	260	9	0.8
0.047619047619047616	1.0	262	9	0.8
0.047619047619047616	1.0	263	9	1.0
0.04	1.0	2	9	0.0
0.04	1.0	4	9	0.0
0.04	1.0	8	9	0.0
0.04	1.0	16	9	0.0
0.04	1.0	32	9	0.0
0.04	1.0	64	9	0.0
0.04	1.0	128	9	0.0
0.04	1.0	256	9	0.9
0.04	1.0	192	9	0.6
0.04	1.0	224	9	0.8
0.04	1.0	240	9	0.7
0.04	1.0	248	9	0.8
0.04	1.0	252	9	0.9
0.04	1.0	250	9	0.7
0.04	1.0	251	9	1.0
0.03448275862068965	1.0	2	9	0.0
0.03448275862068965	1.0	4	9	0.0
0.03448275862068965	1.0	8	9	0.0
0.03448275862068965	1.0	16	9	0.0
0.03448275862068965	1.0	32	9	0.0
0.03448275862068965	1.0	64	9	0.0
0.03448275862068965	1.0	128	9	0.1
0.03448275862068965	1.0	256	9	1.0
0.03448275862068965	1.0	192	9	0.5
0.03448275862068965	1.0	224	9	0.7
0.03448275862068965	1.0	240	9	0.9
0.03448275862068965	1.0	232	9	0.8
0.03448275862068965	1.0	236	9	0.7
0.03448275862068965	1.0	238	9	0.9
0.03448275862068965	1.0	237	9	0.8
0.030303030303030307	1.0	2	9	0.0
0.030303030303030307	1.0	4	9	0.0
0.030303030303030307	1.0	8	9	0.0
0.030303030303030307	1.0	16	9	0.0
0.030303030303030307	1.0	32	9	0.0
0.030303030303030307	1.0	64	9	0.0
0.030303030303030307	1.0	128	9	0.0
0.030303030303030307	1.0	256	9	0.9
0.030303030303030307	1.0	192	9	0.6
0.030303030303030307	1.0	224	9	0.7
0.030303030303030307	1.0	240	9	0.7
0.030303030303030307	1.0	248	9	1.0
0.030303030303030307	1.0	244	9	0.6
0.030303030303030307	1.0	246	9	0.9
0.030303030303030307	1.0	245	9	0.8
0.006666666666666667	1.0	2	9	0.0
0.006666666666666667	1.0	4	9	0.0
0.006666666666666667	1.0	8	9	0.0
0.006666666666666667	1.0	16	9	0.0
0.006666666666666667	1.0	32	9	0.0
0.006666666666666667	1.0	64	9	0.0
0.006666666666666667	1.0	128	9	0.0
0.006666666666666667	1.0	256	9	1.0
0.006666666666666667	1.0	192	9	0.7
0.006666666666666667	1.0	224	9	0.7
0.006666666666666667	1.0	240	9	0.8
0.006666666666666667	1.0	248	9	0.9
0.006666666666666667	1.0	244	9	1.0
0.006666666666666667	1.0	242	9	0.8
0.006666666666666667	1.0	243	9	0.9
0.0033333333333333327	1.0	2	9	0.0
0.0033333333333333327	1.0	4	9	0.0
0.0033333333333333327	1.0	8	9	0.0
0.0033333333333333327	1.0	16	9	0.0
0.0033333333333333327	1.0	32	9	0.0
0.0033333333333333327	1.0	64	9	0.0
0.0033333333333333327	1.0	128	9	0.0
0.0033333333333333327	1.0	256	9	0.8
0.0033333333333333327	1.0	512	9	1.0
0.0033333333333333327	1.0	384	9	1.0
0.0033333333333333327	1.0	320	9	0.9
0.0033333333333333327	1.0	288	9	0.9
0.0033333333333333327	1.0	272	9	0.9
0.0033333333333333327	1.0	264	9	0.6
0.0033333333333333327	1.0	268	9	1.0
0.0033333333333333327	1.0	266	9	1.0
0.0033333333333333327	1.0	265	9	0.8
1.0	2.0	2	9	0.0
1.0	2.0	4	9	0.0
1.0	2.0	8	9	0.0
1.0	2.0	16	9	0.0
1.0	2.0	32	9	0.0
1.0	2.0	64	9	0.0
1.0	2.0	128	9	0.0
1.0	2.0	256	9	0.0
1.0	2.0	512	9	0.0
1.0	2.0	1024	9	0.0
1.0	2.0	2048	9	0.1
1.0	2.0	4096	9	0.1
0.5	2.0	2	9	0.0
0.5	2.0	4	9	0.0
0.5	2.0	8	9	0.0
0.5	2.0	16	9	0.0
0.5	2.0	32	9	0.0
0.5	2.0	64	9	0.0
0.5	2.0	128	9	0.0
0.5	2.0	256	9	0.0
0.5	2.0	512	9	0.6
0.5	2.0	1024	9	0.8
0.5	2.0	2048	9	1.0
0.5	2.0	1536	9	0.8
0.5	2.0	1792	9	0.9
0.5	2.0	1664	9	0.8
0.5	2.0	1728	9	1.0
0.5	2.0	1696	9	0.8
0.5	2.0	1712	9	0.7
0.5	2.0	1720	9	0.8
0.5	2.0	1724	9	0.7
0.5	2.0	1726	9	0.9
0.5	2.0	1725	9	0.8
0.2	2.0	2	9	0.0
0.2	2.0	4	9	0.0
0.2	2.0	8	9	0.0
0.2	2.0	16	9	0.0
0.2	2.0	32	9	0.0
0.2	2.0	64	9	0.0
0.2	2.0	128	9	0.0
0.2	2.0	256	9	0.4
0.2	2.0	512	9	0.9
0.2	2.0	384	9	0.8
0.2	2.0	448	9	0.9
0.2	2.0	416	9	1.0
0.2	2.0	400	9	0.9
0.2	2.0	392	9	0.9
0.2	2.0	388	9	0.7
0.2	2.0	390	9	0.8
0.2	2.0	391	9	0.8
0.1111111111111111	2.0	2	9	0.0
0.1111111111111111	2.0	4	9	0.0
0.1111111111111111	2.0	8	9	0.0
0.1111111111111111	2.0	16	9	0.0
0.1111111111111111	2.0	32	9	0.0
0.1111111111111111	2.0	64	9	0.0
0.1111111111111111	2.0	128	9	0.0
0.1111111111111111	2.0	256	9	0.5
0.1111111111111111	2.0	512	9	0.9
0.1111111111111111	2.0	384	9	0.9
0.1111111111111111	2.0	320	9	0.8
0.1111111111111111	2.0	352	9	0.8
0.1111111111111111	2.0	368	9	0.8
0.1111111111111111	2.0	376	9	0.8
0.1111111111111111	2.0	380	9	1.0
0.1111111111111111	2.0	378	9	1.0
0.1111111111111111	2.0	377	9	1.0
0.07692307692307693	2.0	2	9	0.0
0.07692307692307693	2.0	4	9	0.0
0.07692307692307693	2.0	8	9	0.0
0.07692307692307693	2.0	16	9	0.0
0.07692307692307693	2.0	32	9	0.0
0.07692307692307693	2.0	64	9	0.0
0.07692307692307693	2.0	128	9	0.0
0.07692307692307693	2.0	256	9	0.7
0.07692307692307693	2.0	512	9	1.0
0.07692307692307693	2.0	384	9	0.9
0.07692307692307693	2.0	320	9	0.7
0.07692307692307693	2.0	352	9	0.8
0.07692307692307693	2.0	368	9	0.9
0.07692307692307693	2.0	360	9	0.9
0.07692307692307693	2.0	356	9	0.9
0.07692307692307693	2.0	354	9	0.8
0.07692307692307693	2.0	355	9	0.7
0.05882352941176471	2.0	2	9	0.0
0.05882352941176471	2.0	4	9	0.0
0.05882352941176471	2.0	8	9	0.0
0.05882352941176471	2.0	16	9	0.0
0.05882352941176471	2.0	32	9	0.0
0.05882352941176471	2.0	64	9	0.0
0.05882352941176471	2.0	128	9	0.0
0.05882352941176471	2.0	256	9	0.4
0.05882352941176471	2.0	512	9	0.9
0.05882352941176471	2.0	384	9	1.0
0.05882352941176471	2.0	320	9	0.7
0.05882352941176471	2.0	352	9	1.0
0.05882352941176471	2.0	336	9	0.8
0.05882352941176471	2.0	344	9	0.7
0.05882352941176471	2.0	348	9	0.9
0.05882352941176471	2.0	346	9	0.9
0.05882352941176471	2.0	345	9	0.6
0.047619047619047616	2.0	2	9	0.0
0.047619047619047616	2.0	4	9	0.0
0.047619047619047616	2.0	8	9	0.0
0.047619047619047616	2.0	16	9	0.0
0.047619047619047616	2.0	32	9	0.0
0.047619047619047616	2.0	64	9	0.0
0.047619047619047616	2.0	128	9	0.0
0.047619047619047616	2.0	256	9	0.7
0.047619047619047616	2.0	512	9	0.9
0.047619047619047616	2.0	384	9	0.9
0.047619047619047616	2.0	320	9	0.9
0.047619047619047616	2.0	288	9	0.8
0.047619047619047616	2.0	304	9	0.8
0.047619047619047616	2.0	312	9	0.9
0.047619047619047616	2.0	308	9	0.8
0.047619047619047616	2.0	310	9	0.8
0.047619047619047616	2.0	311	9	0.8
0.04	2.0	2	9	0.0
0.04	2.0	4	9	0.0
0.04	2.0	8	9	0.0
0.04	2.0	16	9	0.0
0.04	2.0	32	9	0.0
0.04	2.0	64	9	0.0
0.04	2.0	128	9	0.0
0.04	2.0	256	9	0.4
0.04	2.0	512	9	0.9
0.04	2.0	384	9	1.0
0.04	2.0	320	9	1.0
0.04	2.0	288	9	0.8
0.04	2.0	304	9	0.5
0.04	2.0	312	9	0.8
0.04	2.0	316	9	0.8
0.04	2.0	318	9	0.9
0.04	2.0	317	9	0.9
0.03448275862068965	2.0	2	9	0.0
0.03448275862068965	2.0	4	9	0.0
0.03448275862068965	2.0	8	9	0.0
0.03448275862068965	2.0	16	9	0.0
0.03448275862068965	2.0	32	9	0.0
0.03448275862068965	2.0	64	9	0.0
0.03448275862068965	2.0	128	9	0.0
0.03448275862068965	2.0	256	9	0.5
0.03448275862068965	2.0	512	9	1.0
0.03448275862068965	2.0	384	9	0.9
0.03448275862068965	2.0	320	9	0.9
0.03448275862068965	2.0	288	9	0.6
0.03448275862068965	2.0	304	9	0.8
0.03448275862068965	2.0	312	9	0.7
0.03448275862068965	2.0	316	9	0.8
0.03448275862068965	2.0	318	9	0.9
0.03448275862068965	2.0	317	9	0.9
0.030303030303030307	2.0	2	9	0.0
0.030303030303030307	2.0	4	9	0.0
0.030303030303030307	2.0	8	9	0.0
0.030303030303030307	2.0	16	9	0.0
0.030303030303030307	2.0	32	9	0.0
0.030303030303030307	2.0	64	9	0.0
0.030303030303030307	2.0	128	9	0.1
0.030303030303030307	2.0	256	9	0.7
0.030303030303030307	2.0	512	9	1.0
0.030303030303030307	2.0	384	9	0.7
0.030303030303030307	2.0	448	9	1.0
0.030303030303030307	2.0	416	9	1.0
0.030303030303030307	2.0	400	9	0.9
0.030303030303030307	2.0	392	9	1.0
0.030303030303030307	2.0	388	9	1.0
0.030303030303030307	2.0	386	9	0.9
0.030303030303030307	2.0	385	9	1.0
0.006666666666666667	2.0	2	9	0.0
0.006666666666666667	2.0	4	9	0.0
0.006666666666666667	2.0	8	9	0.0
0.006666666666666667	2.0	16	9	0.0
0.006666666666666667	2.0	32	9	0.0
0.006666666666666667	2.0	64	9	0.0
0.006666666666666667	2.0	128	9	0.0
0.006666666666666667	2.0	256	9	0.5
0.006666666666666667	2.0	512	9	1.0
0.006666666666666667	2.0	384	9	1.0
0.006666666666666667	2.0	320	9	1.0
0.006666666666666667	2.0	288	9	1.0
0.006666666666666667	2.0	272	9	0.7
0.006666666666666667	2.0	280	9	0.7
0.006666666666666667	2.0	284	9	0.7
0.006666666666666667	2.0	286	9	0.7
0.006666666666666667	2.0	287	9	0.9
0.0033333333333333327	2.0	2	9	0.0
0.0033333333333333327	2.0	4	9	0.0
0.0033333333333333327	2.0	8	9	0.0
0.0033333333333333327	2.0	16	9	0.0
0.0033333333333333327	2.0	32	9	0.0
0.0033333333333333327	2.0	64	9	0.0
0.0033333333333333327	2.0	128	9	0.0
0.0033333333333333327	2.0	256	9	0.7
0.0033333333333333327	2.0	512	9	1.0
0.0033333333333333327	2.0	384	9	1.0
0.0033333333333333327	2.0	320	9	0.9
0.0033333333333333327	2.0	288	9	0.8
0.0033333333333333327	2.0	304	9	0.9
0.0033333333333333327	2.0	296	9	0.9
0.0033333333333333327	2.0	292	9	0.8
0.0033333333333333327	2.0	294	9	1.0
0.0033333333333333327	2.0	293	9	0.9
1.0	5.0	2	9	0.0
1.0	5.0	4	9	0.0
1.0	5.0	8	9	0.0
1.0	5.0	16	9	0.0
1.0	5.0	32	9	0.0
1.0	5.0	64	9	0.0
1.0	5.0	128	9	0.0
1.0	5.0	256	9	0.0
1.0	5.0	512	9	0.0
1.0	5.0	1024	9	0.0
1.0	5.0	2048	9	0.0
1.0	5.0	4096	9	0.0
0.5	5.0	2	9	0.0
0.5	5.0	4	9	0.0
0.5	5.0	8	9	0.0
0.5	5.0	16	9	0.0
0.5	5.0	32	9	0.0
0.5	5.0	64	9	0.0
0.5	5.0	128	9	0.0
0.5	5.0	256	9	0.0
0.5	5.0	512	9	0.0
0.5	5.0	1024	9	0.0
0.5	5.0	2048	9	0.0
0.5	5.0	4096	9	0.6
0.2	5.0	2	9	0.0
0.2	5.0	4	9	0.0
0.2	5.0	8	9	0.0
0.2	5.0	16	9	0.0
0.2	5.0	32	9	0.0
0.2	5.0	64	9	0.0
0.2	5.0	128	9	0.0
0.2	5.0	256	9	0.0
0.2	5.0	512	9	0.0
0.2	5.0	1024	9	0.1
0.2	5.0	2048	9	0.6
0.2	5.0	4096	9	1.0
0.2	5.0	3072	9	0.9
0.2	5.0	2560	9	0.9
0.2	5.0	2304	9	0.6
0.2	5.0	2432	9	0.7
0.2	5.0	2496	9	1.0
0.2	5.0	2464	9	0.7
0.2	5.0	2480	9	0.9
0.2	5.0	2472	9	0.9
0.2	5.0	2468	9	0.9
0.2	5.0	2466	9	0.7
0.2	5.0	2467	9	0.9
0.1111111111111111	5.0	2	9	0.0
0.1111111111111111	5.0	4	9	0.0
0.1111111111111111	5.0	8	9	0.0
0.1111111111111111	5.0	16	9	0.0
0.1111111111111111	5.0	32	9	0.0
0.1111111111111111	5.0	64	9	0.0
0.1111111111111111	5.0	128	9	0.0
0.1111111111111111	5.0	256	9	0.0
0.1111111111111111	5.0	512	9	0.0
0.1111111111111111	5.0	1024	9	0.1
0.1111111111111111	5.0	2048	9	0.7
0.1111111111111111	5.0	4096	9	1.0
0.1111111111111111	5.0	3072	9	1.0
0.1111111111111111	5.0	2560	9	1.0
0.1111111111111111	5.0	2304	9	0.8
0.1111111111111111	5.0	2432	9	1.0
0.1111111111111111	5.0	2368	9	1.0
0.1111111111111111	5.0	2336	9	1.0
0.1111111111111111	5.0	2320	9	0.7
0.1111111111111111	5.0	2328	9	0.9
0.1111111111111111	5.0	2324	9	0.8
0.1111111111111111	5.0	2326	9	0.9
0.1111111111111111	5.0	2325	9	0.7
0.07692307692307693	5.0	2	9	0.0
0.07692307692307693	5.0	4	9	0.0
0.07692307692307693	5.0	8	9	0.0
0.07692307692307693	5.0	16	9	0.0
0.07692307692307693	5.0	32	9	0.0
0.07692307692307693	5.0	64	9	0.0
0.07692307692307693	5.0	128	9	0.0
0.07692307692307693	5.0	256	9	0.0
0.07692307692307693	5.0	512	9	0.0
0.07692307692307693	5.0	1024	9	0.1
0.07692307692307693	5.0	2048	9	0.7
0.07692307692307693	5.0	4096	9	1.0
0.07692307692307693	5.0	3072	9	1.0
0.07692307692307693	5.0	2560	9	0.9
0.07692307692307693	5.0	2304	9	0.9
0.07692307692307693	5.0	2176	9	0.8
0.07692307692307693	5.0	2240	9	0.8
0.07692307692307693	5.0	2272	9	0.6
0.07692307692307693	5.0	2288	9	0.8
0.07692307692307693	5.0	2296	9	0.7
0.07692307692307693	5.0	2300	9	1.0
0.07692307692307693	5.0	2298	9	0.8
0.07692307692307693	5.0	2299	9	1.0
0.05882352941176471	5.0	2	9	0.0
0.05882352941176471	5.0	4	9	0.0
0.05882352941176471	5.0	8	9	0.0
0.05882352941176471	5.0	16	9	0.0
0.05882352941176471	5.0	32	9	0.0
0.05882352941176471	5.0	64	9	0.0
0.05882352941176471	5.0	128	9	0.0
0.05882352941176471	5.0	256	9	0.0
0.05882352941176471	5.0	512	9	0.0
0.05882352941176471	5.0	1024	9	0.2
0.05882352941176471	5.0	2048	9	0.7
0.05882352941176471	5.0	4096	9	1.0
0.05882352941176471	5.0	3072	9	1.0
0.05882352941176471	5.0	2560	9	1.0
0.05882352941176471	5.0	2304	9	1.0
0.05882352941176471	5.0	2176	9	0.8
0.05882352941176471	5.0	2240	9	0.8
0.05882352941176471	5.0	2272	9	0.7
0.05882352941176471	5.0	2288	9	1.0
0.05882352941176471	5.0	2280	9	0.9
0.05882352941176471	5.0	2276	9	0.9
0.05882352941176471	5.0	2274	9	1.0
0.05882352941176471	5.0	2273	9	1.0
0.047619047619047616	5.0	2	9	0.0
0.047619047619047616	5.0	4	9	0.0
0.047619047619047616	5.0	8	9	0.0
0.047619047619047616	5.0	16	9	0.0
0.047619047619047616	5.0	32	9	0.0
0.047619047619047616	5.0	64	9	0.0
0.047619047619047616	5.0	128	9	0.0
0.047619047619047616	5.0	256	9	0.0
0.047619047619047616	5.0	512	9	0.0
0.047619047619047616	5.0	1024	9	0.1
0.047619047619047616	5.0	2048	9	1.0
0.047619047619047616	5.0	1536	9	0.4
0.047619047619047616	5.0	1792	9	0.5
0.047619047619047616	5.0	1920	9	0.7
0.047619047619047616	5.0	1984	9	0.8
0.047619047619047616	5.0	2016	9	0.7
0.047619047619047616	5.0	2032	9	0.9
0.047619047619047616	5.0	2024	9	0.7
0.047619047619047616	5.0	2028	9	0.4
0.047619047619047616	5.0	2030	9	0.8
0.047619047619047616	5.0	2031	9	0.8
0.04	5.0	2	9	0.0
0.04	5.0	4	9	0.0
0.04	5.0	8	9	0.0
0.04	5.0	16	9	0.0
0.04	5.0	32	9	0.0
0.04	5.0	64	9	0.0
0.04	5.0	128	9	0.0
0.04	5.0	256	9	0.0
0.04	5.0	512	9	0.0
0.04	5.0	1024	9	0.2
0.04	5.0	2048	9	1.0
0.04	5.0	1536	9	0.8
0.04	5.0	1792	9	0.7
0.04	5.0	1920	9	0.9
0.04	5.0	1856	9	0.8
0.04	5.0	1888	9	0.9
0.04	5.0	1872	9	0.7
0.04	5.0	1880	9	0.9
0.04	5.0	1876	9	0.8
0.04	5.0	1878	9	0.6
0.04	5.0	1879	9	0.9
0.03448275862068965	5.0	2	9	0.0
0.03448275862068965	5.0	4	9	0.0
0.03448275862068965	5.0	8	9	0.0
0.03448275862068965	5.0	16	9	0.0
0.03448275862068965	5.0	32	9	0.0
0.03448275862068965	5.0	64	9	0.0
0.03448275862068965	5.0	128	9	0.0
0.03448275862068965	5.0	256	9	0.0
0.03448275862068965	5.0	512	9	0.0
0.03448275862068965	5.0	1024	9	0.1
0.03448275862068965	5.0	2048	9	0.4
0.03448275862068965	5.0	4096	9	1.0
0.03448275862068965	5.0	3072	9	1.0
0.03448275862068965	5.0	2560	9	1.0
0.03448275862068965	5.0	2304	9	0.9
0.03448275862068965	5.0	2176	9	0.8
0.03448275862068965	5.0	2240	9	0.7
0.03448275862068965	5.0	2272	9	1.0
0.03448275862068965	5.0	2256	9	0.8
0.03448275862068965	5.0	2264	9	1.0
0.03448275862068965	5.0	2260	9	0.9
0.03448275862068965	5.0	2258	9	1.0
0.03448275862068965	5.0	2257	9	1.0
0.030303030303030307	5.0	2	9	0.0
0.030303030303030307	5.0	4	9	0.0
0.030303030303030307	5.0	8	9	0.0
0.030303030303030307	5.0	16	9	0.0
0.030303030303030307	5.0	32	9	0.0
0.030303030303030307	5.0	64	9	0.0
0.030303030303030307	5.0	128	9	0.0
0.030303030303030307	5.0	256	9	0.0
0.030303030303030307	5.0	512	9	0.0
0.030303030303030307	5.0	1024	9	0.1
0.030303030303030307	5.0	2048	9	0.9
0.030303030303030307	5.0	1536	9	0.6
0.030303030303030307	5.0	1792	9	0.7
0.030303030303030307	5.0	1920	9	0.9
0.030303030303030307	5.0	1856	9	0.6
0.030303030303030307	5.0	1888	9	0.7
0.030303030303030307	5.0	1904	9	0.8
0.030303030303030307	5.0	1912	9	0.7
0.030303030303030307	5.0	1916	9	0.8
0.030303030303030307	5.0	1918	9	1.0
0.030303030303030307	5.0	1917	9	0.8
0.006666666666666667	5.0	2	9	0.0
0.006666666666666667	5.0	4	9	0.0
0.006666666666666667	5.0	8	9	0.0
0.006666666666666667	5.0	16	9	0.0
0.006666666666666667	5.0	32	9	0.0
0.006666666666666667	5.0	64	9	0.0
0.006666666666666667	5.0	128	9	0.0
0.006666666666666667	5.0	256	9	0.0
0.006666666666666667	5.0	512	9	0.0
0.006666666666666667	5.0	1024	9	0.3
0.006666666666666667	5.0	2048	9	1.0
0.006666666666666667	5.0	1536	9	0.3
0.006666666666666667	5.0	1792	9	0.6
0.006666666666666667	5.0	1920	9	0.9
0.006666666666666667	5.0	1856	9	1.0
0.006666666666666667	5.0	1824	9	0.7
0.006666666666666667	5.0	1840	9	0.8
0.006666666666666667	5.0	1848	9	0.9
0.006666666666666667	5.0	1844	9	0.9
0.006666666666666667	5.0	1842	9	0.7
0.006666666666666667	5.0	1843	9	0.9
0.0033333333333333327	5.0	2	9	0.0
0.0033333333333333327	5.0	4	9	0.0
0.0033333333333333327	5.0	8	9	0.0
0.0033333333333333327	5.0	16	9	0.0
0.0033333333333333327	5.0	32	9	0.0
0.0033333333333333327	5.0	64	9	0.0
0.0033333333333333327	5.0	128	9	0.0
0.0033333333333333327	5.0	256	9	0.0
0.0033333333333333327	5.0	512	9	0.0
0.0033333333333333327	5.0	1024	9	0.0
0.0033333333333333327	5.0	2048	9	1.0
0.0033333333333333327	5.0	1536	9	0.6
0.0033333333333333327	5.0	1792	9	0.9
0.0033333333333333327	5.0	1664	9	0.8
0.0033333333333333327	5.0	1728	9	0.8
0.0033333333333333327	5.0	1760	9	0.7
0.0033333333333333327	5.0	1776	9	0.7
0.0033333333333333327	5.0	1784	9	0.9
0.0033333333333333327	5.0	1780	9	0.6
0.0033333333333333327	5.0	1782	9	0.9
0.0033333333333333327	5.0	1781	9	0.7
