1.0	0.08333333333333333	2	9	0.0
1.0	0.08333333333333333	4	9	0.0
1.0	0.08333333333333333	8	9	0.0
1.0	0.08333333333333333	16	9	0.0
1.0	0.08333333333333333	32	9	0.0
1.0	0.08333333333333333	64	9	0.0
1.0	0.08333333333333333	128	9	0.0
1.0	0.08333333333333333	256	9	0.2
1.0	0.08333333333333333	512	9	0.8
1.0	0.08333333333333333	1024	9	1.0
1.0	0.08333333333333333	768	9	0.9
1.0	0.08333333333333333	640	9	1.0
1.0	0.08333333333333333	576	9	0.8
1.0	0.08333333333333333	608	9	0.9
1.0	0.08333333333333333	592	9	0.8
1.0	0.08333333333333333	600	9	0.6
1.0	0.08333333333333333	604	9	0.8
1.0	0.08333333333333333	606	9	1.0
1.0	0.08333333333333333	605	9	1.0
0.5	0.08333333333333333	2	9	0.0
0.5	0.08333333333333333	4	9	0.0
0.5	0.08333333333333333	8	9	0.0
0.5	0.08333333333333333	16	9	0.0
0.5	0.08333333333333333	32	9	0.0
0.5	0.08333333333333333	64	9	0.0
0.5	0.08333333333333333	128	9	0.0
0.5	0.08333333333333333	256	9	0.6
0.5	0.08333333333333333	512	9	0.9
0.5	0.08333333333333333	384	9	0.9
0.5	0.08333333333333333	320	9	0.7
0.5	0.08333333333333333	352	9	0.9
0.5	0.08333333333333333	336	9	0.9
0.5	0.08333333333333333	328	9	0.6
0.5	0.08333333333333333	332	9	0.5
0.5	0.08333333333333333	334	9	0.8
0.5	0.08333333333333333	335	9	0.8
0.2	0.08333333333333333	2	9	0.0
0.2	0.08333333333333333	4	9	0.0
0.2	0.08333333333333333	8	9	0.0
0.2	0.08333333333333333	16	9	0.0
0.2	0.08333333333333333	32	9	0.0
0.2	0.08333333333333333	64	9	0.0
0.2	0.08333333333333333	128	9	0.1
0.2	0.08333333333333333	256	9	0.6
0.2	0.08333333333333333	512	9	1.0
0.2	0.08333333333333333	384	9	1.0
0.2	0.08333333333333333	320	9	0.6
0.2	0.08333333333333333	352	9	0.8
0.2	0.08333333333333333	368	9	1.0
0.2	0.08333333333333333	360	9	0.9
0.2	0.08333333333333333	356	9	0.9
0.2	0.08333333333333333	354	9	0.9
0.2	0.08333333333333333	353	9	1.0
0.1111111111111111	0.08333333333333333	2	9	0.0
0.1111111111111111	0.08333333333333333	4	9	0.0
0.1111111111111111	0.08333333333333333	8	9	0.0
0.1111111111111111	0.08333333333333333	16	9	0.0
0.1111111111111111	0.08333333333333333	32	9	0.0
0.1111111111111111	0.08333333333333333	64	9	0.0
0.1111111111111111	0.08333333333333333	128	9	0.0
0.1111111111111111	0.08333333333333333	256	9	1.0
0.1111111111111111	0.08333333333333333	192	9	0.7
0.1111111111111111	0.08333333333333333	224	9	0.5
0.1111111111111111	0.08333333333333333	240	9	0.7
0.1111111111111111	0.08333333333333333	248	9	0.7
0.1111111111111111	0.08333333333333333	252	9	0.5
0.1111111111111111	0.08333333333333333	254	9	0.8
0.1111111111111111	0.08333333333333333	255	9	0.5
0.07692307692307693	0.08333333333333333	2	9	0.0
0.07692307692307693	0.08333333333333333	4	9	0.0
0.07692307692307693	0.08333333333333333	8	9	0.0
0.07692307692307693	0.08333333333333333	16	9	0.0
0.07692307692307693	0.08333333333333333	32	9	0.0
0.07692307692307693	0.08333333333333333	64	9	0.0
0.07692307692307693	0.08333333333333333	128	9	0.3
0.07692307692307693	0.08333333333333333	256	9	0.7
0.07692307692307693	0.08333333333333333	512	9	1.0
0.07692307692307693	0.08333333333333333	384	9	1.0
0.07692307692307693	0.08333333333333333	320	9	1.0
0.07692307692307693	0.08333333333333333	288	9	1.0
0.07692307692307693	0.08333333333333333	272	9	0.8
0.07692307692307693	0.08333333333333333	280	9	0.9
0.07692307692307693	0.08333333333333333	276	9	0.9
0.07692307692307693	0.08333333333333333	274	9	0.6
0.07692307692307693	0.08333333333333333	275	9	0.7
0.05882352941176471	0.08333333333333333	2	9	0.0
0.05882352941176471	0.08333333333333333	4	9	0.0
0.05882352941176471	0.08333333333333333	8	9	0.0
0.05882352941176471	0.08333333333333333	16	9	0.0
0.05882352941176471	0.08333333333333333	32	9	0.0
0.05882352941176471	0.08333333333333333	64	9	0.0
0.05882352941176471	0.08333333333333333	128	9	0.1
0.05882352941176471	0.08333333333333333	256	9	0.9
0.05882352941176471	0.08333333333333333	192	9	0.5
0.05882352941176471	0.08333333333333333	224	9	0.7
0.05882352941176471	0.08333333333333333	240	9	0.8
0.05882352941176471	0.08333333333333333	248	9	0.9
0.05882352941176471	0.08333333333333333	244	9	0.9
0.05882352941176471	0.08333333333333333	242	9	0.4
0.05882352941176471	0.08333333333333333	243	9	1.0
0.047619047619047616	0.08333333333333333	2	9	0.0
0.047619047619047616	0.08333333333333333	4	9	0.0
0.047619047619047616	0.08333333333333333	8	9	0.0
0.047619047619047616	0.08333333333333333	16	9	0.0
0.047619047619047616	0.08333333333333333	32	9	0.0
0.047619047619047616	0.08333333333333333	64	9	0.0
0.047619047619047616	0.08333333333333333	128	9	0.3
0.047619047619047616	0.08333333333333333	256	9	0.9
0.047619047619047616	0.08333333333333333	192	9	0.7
0.047619047619047616	0.08333333333333333	224	9	0.7
0.047619047619047616	0.08333333333333333	240	9	0.7
0.047619047619047616	0.08333333333333333	248	9	0.9
0.047619047619047616	0.08333333333333333	244	9	0.9
0.047619047619047616	0.08333333333333333	242	9	0.9
0.047619047619047616	0.08333333333333333	241	9	0.8
0.04	0.08333333333333333	2	9	0.0
0.04	0.08333333333333333	4	9	0.0
0.04	0.08333333333333333	8	9	0.0
0.04	0.08333333333333333	16	9	0.0
0.04	0.08333333333333333	32	9	0.0
0.04	0.08333333333333333	64	9	0.0
0.04	0.08333333333333333	128	9	0.3
0.04	0.08333333333333333	256	9	0.9
0.04	0.08333333333333333	192	9	0.8
0.04	0.08333333333333333	224	9	0.6
0.04	0.08333333333333333	240	9	0.6
0.04	0.08333333333333333	248	9	0.9
0.04	0.08333333333333333	244	9	0.6
0.04	0.08333333333333333	246	9	0.8
0.04	0.08333333333333333	247	9	0.7
0.03448275862068965	0.08333333333333333	2	9	0.0
0.03448275862068965	0.08333333333333333	4	9	0.0
0.03448275862068965	0.08333333333333333	8	9	0.0
0.03448275862068965	0.08333333333333333	16	9	0.0
0.03448275862068965	0.08333333333333333	32	9	0.0
0.03448275862068965	0.08333333333333333	64	9	0.0
0.03448275862068965	0.08333333333333333	128	9	0.4
0.03448275862068965	0.08333333333333333	256	9	0.9
0.03448275862068965	0.08333333333333333	192	9	0.8
0.03448275862068965	0.08333333333333333	224	9	0.6
0.03448275862068965	0.08333333333333333	240	9	0.9
0.03448275862068965	0.08333333333333333	232	9	0.8
0.03448275862068965	0.08333333333333333	236	9	0.9
0.03448275862068965	0.08333333333333333	234	9	0.8
0.03448275862068965	0.08333333333333333	235	9	1.0
0.030303030303030307	0.08333333333333333	2	9	0.0
0.030303030303030307	0.08333333333333333	4	9	0.0
0.030303030303030307	0.08333333333333333	8	9	0.0
0.030303030303030307	0.08333333333333333	16	9	0.0
0.030303030303030307	0.08333333333333333	32	9	0.0
0.030303030303030307	0.08333333333333333	64	9	0.0
0.030303030303030307	0.08333333333333333	128	9	0.3
0.030303030303030307	0.08333333333333333	256	9	0.9
0.030303030303030307	0.08333333333333333	192	9	0.9
0.030303030303030307	0.08333333333333333	160	9	0.4
0.030303030303030307	0.08333333333333333	176	9	0.9
0.030303030303030307	0.08333333333333333	168	9	0.6
0.030303030303030307	0.08333333333333333	172	9	0.5
0.030303030303030307	0.08333333333333333	174	9	0.6
0.030303030303030307	0.08333333333333333	175	9	0.6
0.006666666666666667	0.08333333333333333	2	9	0.0
0.006666666666666667	0.08333333333333333	4	9	0.0
0.006666666666666667	0.08333333333333333	8	9	0.0
0.006666666666666667	0.08333333333333333	16	9	0.0
0.006666666666666667	0.08333333333333333	32	9	0.0
0.006666666666666667	0.08333333333333333	64	9	0.2
0.006666666666666667	0.08333333333333333	128	9	0.3
0.006666666666666667	0.08333333333333333	256	9	0.7
0.006666666666666667	0.08333333333333333	512	9	1.0
0.006666666666666667	0.08333333333333333	384	9	0.9
0.006666666666666667	0.08333333333333333	320	9	1.0
0.006666666666666667	0.08333333333333333	288	9	0.9
0.006666666666666667	0.08333333333333333	272	9	0.7
0.006666666666666667	0.08333333333333333	280	9	1.0
0.006666666666666667	0.08333333333333333	276	9	0.8
0.006666666666666667	0.08333333333333333	278	9	1.0
0.006666666666666667	0.08333333333333333	277	9	0.8
0.0033333333333333327	0.08333333333333333	2	9	0.0
0.0033333333333333327	0.08333333333333333	4	9	0.0
0.0033333333333333327	0.08333333333333333	8	9	0.0
0.0033333333333333327	0.08333333333333333	16	9	0.0
0.0033333333333333327	0.08333333333333333	32	9	0.0
0.0033333333333333327	0.08333333333333333	64	9	0.1
0.0033333333333333327	0.08333333333333333	128	9	0.5
0.0033333333333333327	0.08333333333333333	256	9	0.9
0.0033333333333333327	0.08333333333333333	192	9	0.6
0.0033333333333333327	0.08333333333333333	224	9	0.9
0.0033333333333333327	0.08333333333333333	208	9	0.9
0.0033333333333333327	0.08333333333333333	200	9	1.0
0.0033333333333333327	0.08333333333333333	196	9	0.7
0.0033333333333333327	0.08333333333333333	198	9	0.7
0.0033333333333333327	0.08333333333333333	199	9	0.7
1.0	0.1	2	9	0.0
1.0	0.1	4	9	0.0
1.0	0.1	8	9	0.0
1.0	0.1	16	9	0.0
1.0	0.1	32	9	0.0
1.0	0.1	64	9	0.0
1.0	0.1	128	9	0.0
1.0	0.1	256	9	0.3
1.0	0.1	512	9	0.9
1.0	0.1	384	9	0.4
1.0	0.1	448	9	1.0
1.0	0.1	416	9	0.9
1.0	0.1	400	9	0.9
1.0	0.1	392	9	0.6
1.0	0.1	396	9	0.8
1.0	0.1	398	9	0.7
1.0	0.1	399	9	0.7
0.5	0.1	2	9	0.0
0.5	0.1	4	9	0.0
0.5	0.1	8	9	0.0
0.5	0.1	16	9	0.0
0.5	0.1	32	9	0.0
0.5	0.1	64	9	0.0
0.5	0.1	128	9	0.0
0.5	0.1	256	9	0.6
0.5	0.1	512	9	1.0
0.5	0.1	384	9	0.7
0.5	0.1	448	9	0.7
0.5	0.1	480	9	0.8
0.5	0.1	496	9	0.8
0.5	0.1	504	9	0.9
0.5	0.1	500	9	1.0
0.5	0.1	498	9	0.9
0.5	0.1	497	9	0.7
0.2	0.1	2	9	0.0
0.2	0.1	4	9	0.0
0.2	0.1	8	9	0.0
0.2	0.1	16	9	0.0
0.2	0.1	32	9	0.0
0.2	0.1	64	9	0.0
0.2	0.1	128	9	0.2
0.2	0.1	256	9	0.7
0.2	0.1	512	9	1.0
0.2	0.1	384	9	1.0
0.2	0.1	320	9	1.0
0.2	0.1	288	9	1.0
0.2	0.1	272	9	0.8
0.2	0.1	280	9	1.0
0.2	0.1	276	9	1.0
0.2	0.1	274	9	0.6
0.2	0.1	275	9	0.8
0.1111111111111111	0.1	2	9	0.0
0.1111111111111111	0.1	4	9	0.0
0.1111111111111111	0.1	8	9	0.0
0.1111111111111111	0.1	16	9	0.0
0.1111111111111111	0.1	32	9	0.0
0.1111111111111111	0.1	64	9	0.0
0.1111111111111111	0.1	128	9	0.2
0.1111111111111111	0.1	256	9	0.8
0.1111111111111111	0.1	512	9	1.0
0.1111111111111111	0.1	384	9	0.9
0.1111111111111111	0.1	320	9	0.9
0.1111111111111111	0.1	288	9	0.9
0.1111111111111111	0.1	272	9	0.9
0.1111111111111111	0.1	264	9	0.7
0.1111111111111111	0.1	268	9	0.8
0.1111111111111111	0.1	270	9	0.8
0.1111111111111111	0.1	271	9	0.9
0.07692307692307693	0.1	2	9	0.0
0.07692307692307693	0.1	4	9	0.0
0.07692307692307693	0.1	8	9	0.0
0.07692307692307693	0.1	16	9	0.0
0.07692307692307693	0.1	32	9	0.0
0.07692307692307693	0.1	64	9	0.1
0.07692307692307693	0.1	128	9	0.2
0.07692307692307693	0.1	256	9	0.9
0.07692307692307693	0.1	192	9	0.3
0.07692307692307693	0.1	224	9	0.5
0.07692307692307693	0.1	240	9	1.0
0.07692307692307693	0.1	232	9	0.9
0.07692307692307693	0.1	228	9	0.9
0.07692307692307693	0.1	226	9	0.7
0.07692307692307693	0.1	227	9	0.9
0.05882352941176471	0.1	2	9	0.0
0.05882352941176471	0.1	4	9	0.0
0.05882352941176471	0.1	8	9	0.0
0.05882352941176471	0.1	16	9	0.0
0.05882352941176471	0.1	32	9	0.0
0.05882352941176471	0.1	64	9	0.0
0.05882352941176471	0.1	128	9	0.6
0.05882352941176471	0.1	256	9	0.9
0.05882352941176471	0.1	192	9	0.8
0.05882352941176471	0.1	224	9	1.0
0.05882352941176471	0.1	208	9	0.8
0.05882352941176471	0.1	216	9	0.7
0.05882352941176471	0.1	220	9	0.8
0.05882352941176471	0.1	222	9	0.6
0.05882352941176471	0.1	223	9	0.9
0.047619047619047616	0.1	2	9	0.0
0.047619047619047616	0.1	4	9	0.0
0.047619047619047616	0.1	8	9	0.0
0.047619047619047616	0.1	16	9	0.0
0.047619047619047616	0.1	32	9	0.0
0.047619047619047616	0.1	64	9	0.1
0.047619047619047616	0.1	128	9	0.1
0.047619047619047616	0.1	256	9	1.0
0.047619047619047616	0.1	192	9	0.9
0.047619047619047616	0.1	160	9	0.8
0.047619047619047616	0.1	176	9	0.8
0.047619047619047616	0.1	184	9	0.7
0.047619047619047616	0.1	188	9	0.7
0.047619047619047616	0.1	190	9	0.8
0.047619047619047616	0.1	191	9	0.6
0.04	0.1	2	9	0.0
0.04	0.1	4	9	0.0
0.04	0.1	8	9	0.0
0.04	0.1	16	9	0.0
0.04	0.1	32	9	0.0
0.04	0.1	64	9	0.0
0.04	0.1	128	9	0.4
0.04	0.1	256	9	0.8
0.04	0.1	512	9	1.0
0.04	0.1	384	9	1.0
0.04	0.1	320	9	0.9
0.04	0.1	288	9	1.0
0.04	0.1	272	9	0.8
0.04	0.1	280	9	0.8
0.04	0.1	284	9	1.0
0.04	0.1	282	9	0.9
0.04	0.1	281	9	1.0
0.03448275862068965	0.1	2	9	0.0
0.03448275862068965	0.1	4	9	0.0
0.03448275862068965	0.1	8	9	0.0
0.03448275862068965	0.1	16	9	0.0
0.03448275862068965	0.1	32	9	0.0
0.03448275862068965	0.1	64	9	0.0
0.03448275862068965	0.1	128	9	0.6
0.03448275862068965	0.1	256	9	0.9
0.03448275862068965	0.1	192	9	0.9
0.03448275862068965	0.1	160	9	0.5
0.03448275862068965	0.1	176	9	1.0
0.03448275862068965	0.1	168	9	0.4
0.03448275862068965	0.1	172	9	0.9
0.03448275862068965	0.1	170	9	0.6
0.03448275862068965	0.1	171	9	0.5
0.030303030303030307	0.1	2	9	0.0
0.030303030303030307	0.1	4	9	0.0
0.030303030303030307	0.1	8	9	0.0
0.030303030303030307	0.1	16	9	0.0
0.030303030303030307	0.1	32	9	0.0
0.030303030303030307	0.1	64	9	0.0
0.030303030303030307	0.1	128	9	0.5
0.030303030303030307	0.1	256	9	0.8
0.030303030303030307	0.1	512	9	1.0
0.030303030303030307	0.1	384	9	1.0
0.030303030303030307	0.1	320	9	0.8
0.030303030303030307	0.1	352	9	1.0
0.030303030303030307	0.1	336	9	0.9
0.030303030303030307	0.1	328	9	0.8
0.030303030303030307	0.1	332	9	1.0
0.030303030303030307	0.1	330	9	1.0
0.030303030303030307	0.1	329	9	1.0
0.006666666666666667	0.1	2	9	0.0
0.006666666666666667	0.1	4	9	0.0
0.006666666666666667	0.1	8	9	0.0
0.006666666666666667	0.1	16	9	0.0
0.006666666666666667	0.1	32	9	0.1
0.006666666666666667	0.1	64	9	0.1
0.006666666666666667	0.1	128	9	0.6
0.006666666666666667	0.1	256	9	0.8
0.006666666666666667	0.1	512	9	1.0
0.006666666666666667	0.1	384	9	0.9
0.006666666666666667	0.1	320	9	1.0
0.006666666666666667	0.1	288	9	1.0
0.006666666666666667	0.1	272	9	0.9
0.006666666666666667	0.1	264	9	1.0
0.006666666666666667	0.1	260	9	0.8
0.006666666666666667	0.1	262	9	0.8
0.006666666666666667	0.1	263	9	0.9
0.0033333333333333327	0.1	2	9	0.0
0.0033333333333333327	0.1	4	9	0.0
0.0033333333333333327	0.1	8	9	0.0
0.0033333333333333327	0.1	16	9	0.0
0.0033333333333333327	0.1	32	9	0.1
0.0033333333333333327	0.1	64	9	0.1
0.0033333333333333327	0.1	128	9	0.8
0.0033333333333333327	0.1	256	9	1.0
0.0033333333333333327	0.1	192	9	0.9
0.0033333333333333327	0.1	160	9	0.7
0.0033333333333333327	0.1	176	9	0.6
0.0033333333333333327	0.1	184	9	0.7
0.0033333333333333327	0.1	188	9	0.7
0.0033333333333333327	0.1	190	9	0.8
0.0033333333333333327	0.1	191	9	0.8
1.0	0.125	2	9	0.0
1.0	0.125	4	9	0.0
1.0	0.125	8	9	0.0
1.0	0.125	16	9	0.0
1.0	0.125	32	9	0.0
1.0	0.125	64	9	0.0
1.0	0.125	128	9	0.0
1.0	0.125	256	9	0.3
1.0	0.125	512	9	0.7
1.0	0.125	1024	9	1.0
1.0	0.125	768	9	1.0
1.0	0.125	640	9	1.0
1.0	0.125	576	9	0.9
1.0	0.125	544	9	0.9
1.0	0.125	528	9	1.0
1.0	0.125	520	9	0.9
1.0	0.125	516	9	0.8
1.0	0.125	518	9	0.9
1.0	0.125	517	9	0.7
0.5	0.125	2	9	0.0
0.5	0.125	4	9	0.0
0.5	0.125	8	9	0.0
0.5	0.125	16	9	0.0
0.5	0.125	32	9	0.0
0.5	0.125	64	9	0.0
0.5	0.125	128	9	0.0
0.5	0.125	256	9	0.4
0.5	0.125	512	9	0.9
0.5	0.125	384	9	0.9
0.5	0.125	320	9	0.7
0.5	0.125	352	9	1.0
0.5	0.125	336	9	0.7
0.5	0.125	344	9	0.9
0.5	0.125	340	9	0.7
0.5	0.125	342	9	0.9
0.5	0.125	341	9	1.0
0.2	0.125	2	9	0.0
0.2	0.125	4	9	0.0
0.2	0.125	8	9	0.0
0.2	0.125	16	9	0.0
0.2	0.125	32	9	0.0
0.2	0.125	64	9	0.0
0.2	0.125	128	9	0.2
0.2	0.125	256	9	0.9
0.2	0.125	192	9	0.9
0.2	0.125	160	9	0.4
0.2	0.125	176	9	0.9
0.2	0.125	168	9	0.8
0.2	0.125	172	9	0.6
0.2	0.125	174	9	0.8
0.2	0.125	175	9	0.9
0.1111111111111111	0.125	2	9	0.0
0.1111111111111111	0.125	4	9	0.0
0.1111111111111111	0.125	8	9	0.0
0.1111111111111111	0.125	16	9	0.0
0.1111111111111111	0.125	32	9	0.0
0.1111111111111111	0.125	64	9	0.2
0.1111111111111111	0.125	128	9	0.6
0.1111111111111111	0.125	256	9	1.0
0.1111111111111111	0.125	192	9	0.9
0.1111111111111111	0.125	160	9	0.9
0.1111111111111111	0.125	144	9	0.7
0.1111111111111111	0.125	152	9	0.5
0.1111111111111111	0.125	156	9	0.8
0.1111111111111111	0.125	158	9	0.8
0.1111111111111111	0.125	159	9	0.8
0.07692307692307693	0.125	2	9	0.0
0.07692307692307693	0.125	4	9	0.0
0.07692307692307693	0.125	8	9	0.0
0.07692307692307693	0.125	16	9	0.0
0.07692307692307693	0.125	32	9	0.0
0.07692307692307693	0.125	64	9	0.1
0.07692307692307693	0.125	128	9	0.7
0.07692307692307693	0.125	256	9	0.8
0.07692307692307693	0.125	512	9	1.0
0.07692307692307693	0.125	384	9	0.9
0.07692307692307693	0.125	320	9	1.0
0.07692307692307693	0.125	288	9	0.6
0.07692307692307693	0.125	304	9	0.9
0.07692307692307693	0.125	296	9	1.0
0.07692307692307693	0.125	292	9	1.0
0.07692307692307693	0.125	290	9	1.0
0.07692307692307693	0.125	289	9	1.0
0.05882352941176471	0.125	2	9	0.0
0.05882352941176471	0.125	4	9	0.0
0.05882352941176471	0.125	8	9	0.0
0.05882352941176471	0.125	16	9	0.0
0.05882352941176471	0.125	32	9	0.0
0.05882352941176471	0.125	64	9	0.1
0.05882352941176471	0.125	128	9	0.7
0.05882352941176471	0.125	256	9	1.0
0.05882352941176471	0.125	192	9	0.8
0.05882352941176471	0.125	224	9	0.9
0.05882352941176471	0.125	208	9	0.8
0.05882352941176471	0.125	216	9	1.0
0.05882352941176471	0.125	212	9	1.0
0.05882352941176471	0.125	210	9	1.0
0.05882352941176471	0.125	209	9	0.8
0.047619047619047616	0.125	2	9	0.0
0.047619047619047616	0.125	4	9	0.0
0.047619047619047616	0.125	8	9	0.0
0.047619047619047616	0.125	16	9	0.0
0.047619047619047616	0.125	32	9	0.0
0.047619047619047616	0.125	64	9	0.0
0.047619047619047616	0.125	128	9	0.6
0.047619047619047616	0.125	256	9	0.9
0.047619047619047616	0.125	192	9	0.8
0.047619047619047616	0.125	224	9	0.9
0.047619047619047616	0.125	208	9	0.9
0.047619047619047616	0.125	200	9	0.8
0.047619047619047616	0.125	204	9	0.9
0.047619047619047616	0.125	202	9	0.9
0.047619047619047616	0.125	201	9	1.0
0.04	0.125	2	9	0.0
0.04	0.125	4	9	0.0
0.04	0.125	8	9	0.0
0.04	0.125	16	9	0.0
0.04	0.125	32	9	0.0
0.04	0.125	64	9	0.0
0.04	0.125	128	9	0.5
0.04	0.125	256	9	1.0
0.04	0.125	192	9	0.9
0.04	0.125	160	9	0.7
0.04	0.125	176	9	0.9
0.04	0.125	168	9	0.9
0.04	0.125	164	9	0.8
0.04	0.125	166	9	0.9
0.04	0.125	165	9	0.8
0.03448275862068965	0.125	2	9	0.0
0.03448275862068965	0.125	4	9	0.0
0.03448275862068965	0.125	8	9	0.0
0.03448275862068965	0.125	16	9	0.0
0.03448275862068965	0.125	32	9	0.0
0.03448275862068965	0.125	64	9	0.0
0.03448275862068965	0.125	128	9	0.6
0.03448275862068965	0.125	256	9	0.9
0.03448275862068965	0.125	192	9	0.9
0.03448275862068965	0.125	160	9	0.9
0.03448275862068965	0.125	144	9	0.8
0.03448275862068965	0.125	152	9	0.8
0.03448275862068965	0.125	156	9	0.9
0.03448275862068965	0.125	154	9	0.5
0.03448275862068965	0.125	155	9	0.7
0.030303030303030307	0.125	2	9	0.0
0.030303030303030307	0.125	4	9	0.0
0.030303030303030307	0.125	8	9	0.0
0.030303030303030307	0.125	16	9	0.0
0.030303030303030307	0.125	32	9	0.0
0.030303030303030307	0.125	64	9	0.0
0.030303030303030307	0.125	128	9	0.7
0.030303030303030307	0.125	256	9	0.9
0.030303030303030307	0.125	192	9	0.7
0.030303030303030307	0.125	224	9	1.0
0.030303030303030307	0.125	208	9	0.7
0.030303030303030307	0.125	216	9	0.9
0.030303030303030307	0.125	212	9	0.8
0.030303030303030307	0.125	214	9	0.9
0.030303030303030307	0.125	213	9	0.9
0.006666666666666667	0.125	2	9	0.0
0.006666666666666667	0.125	4	9	0.0
0.006666666666666667	0.125	8	9	0.0
0.006666666666666667	0.125	16	9	0.0
0.006666666666666667	0.125	32	9	0.0
0.006666666666666667	0.125	64	9	0.2
0.006666666666666667	0.125	128	9	0.8
0.006666666666666667	0.125	256	9	1.0
0.006666666666666667	0.125	192	9	0.8
0.006666666666666667	0.125	224	9	0.9
0.006666666666666667	0.125	208	9	0.9
0.006666666666666667	0.125	200	9	0.9
0.006666666666666667	0.125	196	9	0.9
0.006666666666666667	0.125	194	9	0.9
0.006666666666666667	0.125	193	9	1.0
0.0033333333333333327	0.125	2	9	0.0
0.0033333333333333327	0.125	4	9	0.0
0.0033333333333333327	0.125	8	9	0.0
0.0033333333333333327	0.125	16	9	0.0
0.0033333333333333327	0.125	32	9	0.0
0.0033333333333333327	0.125	64	9	0.4
0.0033333333333333327	0.125	128	9	0.6
0.0033333333333333327	0.125	256	9	1.0
0.0033333333333333327	0.125	192	9	0.9
0.0033333333333333327	0.125	160	9	0.8
0.0033333333333333327	0.125	176	9	0.9
0.0033333333333333327	0.125	168	9	0.7
0.0033333333333333327	0.125	172	9	0.9
0.0033333333333333327	0.125	170	9	0.8
0.0033333333333333327	0.125	171	9	0.9
1.0	0.16666666666666666	2	9	0.0
1.0	0.16666666666666666	4	9	0.0
1.0	0.16666666666666666	8	9	0.0
1.0	0.16666666666666666	16	9	0.0
1.0	0.16666666666666666	32	9	0.0
1.0	0.16666666666666666	64	9	0.0
1.0	0.16666666666666666	128	9	0.0
1.0	0.16666666666666666	256	9	0.4
1.0	0.16666666666666666	512	9	1.0
1.0	0.16666666666666666	384	9	0.8
1.0	0.16666666666666666	448	9	0.9
1.0	0.16666666666666666	416	9	0.9
1.0	0.16666666666666666	400	9	0.8
1.0	0.16666666666666666	408	9	0.7
1.0	0.16666666666666666	412	9	0.9
1.0	0.16666666666666666	410	9	0.9
1.0	0.16666666666666666	409	9	0.8
0.5	0.16666666666666666	2	9	0.0
0.5	0.16666666666666666	4	9	0.0
0.5	0.16666666666666666	8	9	0.0
0.5	0.16666666666666666	16	9	0.0
0.5	0.16666666666666666	32	9	0.0
0.5	0.16666666666666666	64	9	0.0
0.5	0.16666666666666666	128	9	0.5
0.5	0.16666666666666666	256	9	0.9
0.5	0.16666666666666666	192	9	0.8
0.5	0.16666666666666666	224	9	0.4
0.5	0.16666666666666666	240	9	0.7
0.5	0.16666666666666666	248	9	0.8
0.5	0.16666666666666666	252	9	0.8
0.5	0.16666666666666666	254	9	0.4
0.5	0.16666666666666666	255	9	0.9
0.2	0.16666666666666666	2	9	0.0
0.2	0.16666666666666666	4	9	0.0
0.2	0.16666666666666666	8	9	0.0
0.2	0.16666666666666666	16	9	0.0
0.2	0.16666666666666666	32	9	0.0
0.2	0.16666666666666666	64	9	0.2
0.2	0.16666666666666666	128	9	0.8
0.2	0.16666666666666666	256	9	1.0
0.2	0.16666666666666666	192	9	0.7
0.2	0.16666666666666666	224	9	0.9
0.2	0.16666666666666666	208	9	0.8
0.2	0.16666666666666666	216	9	0.9
0.2	0.16666666666666666	212	9	1.0
0.2	0.16666666666666666	210	9	0.8
0.2	0.16666666666666666	211	9	0.8
0.1111111111111111	0.16666666666666666	2	9	0.0
0.1111111111111111	0.16666666666666666	4	9	0.0
0.1111111111111111	0.16666666666666666	8	9	0.0
0.1111111111111111	0.16666666666666666	16	9	0.0
0.1111111111111111	0.16666666666666666	32	9	0.0
0.1111111111111111	0.16666666666666666	64	9	0.1
0.1111111111111111	0.16666666666666666	128	9	0.8
0.1111111111111111	0.16666666666666666	256	9	1.0
0.1111111111111111	0.16666666666666666	192	9	0.9
0.1111111111111111	0.16666666666666666	160	9	0.8
0.1111111111111111	0.16666666666666666	176	9	0.8
0.1111111111111111	0.16666666666666666	184	9	0.9
0.1111111111111111	0.16666666666666666	180	9	0.7
0.1111111111111111	0.16666666666666666	182	9	1.0
0.1111111111111111	0.16666666666666666	181	9	0.8
0.07692307692307693	0.16666666666666666	2	9	0.0
0.07692307692307693	0.16666666666666666	4	9	0.0
0.07692307692307693	0.16666666666666666	8	9	0.0
0.07692307692307693	0.16666666666666666	16	9	0.0
0.07692307692307693	0.16666666666666666	32	9	0.0
0.07692307692307693	0.16666666666666666	64	9	0.2
0.07692307692307693	0.16666666666666666	128	9	0.8
0.07692307692307693	0.16666666666666666	256	9	0.9
0.07692307692307693	0.16666666666666666	192	9	0.9
0.07692307692307693	0.16666666666666666	160	9	1.0
0.07692307692307693	0.16666666666666666	144	9	0.7
0.07692307692307693	0.16666666666666666	152	9	0.9
0.07692307692307693	0.16666666666666666	148	9	0.9
0.07692307692307693	0.16666666666666666	146	9	1.0
0.07692307692307693	0.16666666666666666	145	9	1.0
0.05882352941176471	0.16666666666666666	2	9	0.0
0.05882352941176471	0.16666666666666666	4	9	0.0
0.05882352941176471	0.16666666666666666	8	9	0.0
0.05882352941176471	0.16666666666666666	16	9	0.0
0.05882352941176471	0.16666666666666666	32	9	0.0
0.05882352941176471	0.16666666666666666	64	9	0.1
0.05882352941176471	0.16666666666666666	128	9	0.8
0.05882352941176471	0.16666666666666666	256	9	1.0
0.05882352941176471	0.16666666666666666	192	9	0.9
0.05882352941176471	0.16666666666666666	160	9	0.9
0.05882352941176471	0.16666666666666666	144	9	0.6
0.05882352941176471	0.16666666666666666	152	9	0.8
0.05882352941176471	0.16666666666666666	156	9	0.8
0.05882352941176471	0.16666666666666666	158	9	0.8
0.05882352941176471	0.16666666666666666	159	9	0.7
0.047619047619047616	0.16666666666666666	2	9	0.0
0.047619047619047616	0.16666666666666666	4	9	0.0
0.047619047619047616	0.16666666666666666	8	9	0.0
0.047619047619047616	0.16666666666666666	16	9	0.0
0.047619047619047616	0.16666666666666666	32	9	0.0
0.047619047619047616	0.16666666666666666	64	9	0.3
0.047619047619047616	0.16666666666666666	128	9	0.8
0.047619047619047616	0.16666666666666666	256	9	0.9
0.047619047619047616	0.16666666666666666	192	9	1.0
0.047619047619047616	0.16666666666666666	160	9	1.0
0.047619047619047616	0.16666666666666666	144	9	0.8
0.047619047619047616	0.16666666666666666	152	9	0.9
0.047619047619047616	0.16666666666666666	148	9	0.9
0.047619047619047616	0.16666666666666666	146	9	0.7
0.047619047619047616	0.16666666666666666	147	9	0.8
0.04	0.16666666666666666	2	9	0.0
0.04	0.16666666666666666	4	9	0.0
0.04	0.16666666666666666	8	9	0.0
0.04	0.16666666666666666	16	9	0.0
0.04	0.16666666666666666	32	9	0.0
0.04	0.16666666666666666	64	9	0.2
0.04	0.16666666666666666	128	9	0.8
0.04	0.16666666666666666	256	9	1.0
0.04	0.16666666666666666	192	9	1.0
0.04	0.16666666666666666	160	9	0.9
0.04	0.16666666666666666	144	9	1.0
0.04	0.16666666666666666	136	9	0.7
0.04	0.16666666666666666	140	9	0.9
0.04	0.16666666666666666	138	9	1.0
0.04	0.16666666666666666	137	9	0.9
0.03448275862068965	0.16666666666666666	2	9	0.0
0.03448275862068965	0.16666666666666666	4	9	0.0
0.03448275862068965	0.16666666666666666	8	9	0.0
0.03448275862068965	0.16666666666666666	16	9	0.0
0.03448275862068965	0.16666666666666666	32	9	0.0
0.03448275862068965	0.16666666666666666	64	9	0.6
0.03448275862068965	0.16666666666666666	128	9	0.8
0.03448275862068965	0.16666666666666666	256	9	1.0
0.03448275862068965	0.16666666666666666	192	9	1.0
0.03448275862068965	0.16666666666666666	160	9	1.0
0.03448275862068965	0.16666666666666666	144	9	0.9
0.03448275862068965	0.16666666666666666	136	9	0.9
0.03448275862068965	0.16666666666666666	132	9	1.0
0.03448275862068965	0.16666666666666666	130	9	0.6
0.03448275862068965	0.16666666666666666	131	9	0.7
0.030303030303030307	0.16666666666666666	2	9	0.0
0.030303030303030307	0.16666666666666666	4	9	0.0
0.030303030303030307	0.16666666666666666	8	9	0.0
0.030303030303030307	0.16666666666666666	16	9	0.0
0.030303030303030307	0.16666666666666666	32	9	0.0
0.030303030303030307	0.16666666666666666	64	9	0.2
0.030303030303030307	0.16666666666666666	128	9	0.9
0.030303030303030307	0.16666666666666666	96	9	0.8
0.030303030303030307	0.16666666666666666	112	9	0.8
0.030303030303030307	0.16666666666666666	120	9	0.7
0.030303030303030307	0.16666666666666666	124	9	0.8
0.030303030303030307	0.16666666666666666	126	9	0.8
0.030303030303030307	0.16666666666666666	127	9	0.6
0.006666666666666667	0.16666666666666666	2	9	0.0
0.006666666666666667	0.16666666666666666	4	9	0.0
0.006666666666666667	0.16666666666666666	8	9	0.0
0.006666666666666667	0.16666666666666666	16	9	0.0
0.006666666666666667	0.16666666666666666	32	9	0.0
0.006666666666666667	0.16666666666666666	64	9	0.3
0.006666666666666667	0.16666666666666666	128	9	0.9
0.006666666666666667	0.16666666666666666	96	9	0.6
0.006666666666666667	0.16666666666666666	112	9	0.8
0.006666666666666667	0.16666666666666666	120	9	1.0
0.006666666666666667	0.16666666666666666	116	9	0.8
0.006666666666666667	0.16666666666666666	118	9	0.7
0.006666666666666667	0.16666666666666666	119	9	0.9
0.0033333333333333327	0.16666666666666666	2	9	0.0
0.0033333333333333327	0.16666666666666666	4	9	0.0
0.0033333333333333327	0.16666666666666666	8	9	0.0
0.0033333333333333327	0.16666666666666666	16	9	0.0
0.0033333333333333327	0.16666666666666666	32	9	0.0
0.0033333333333333327	0.16666666666666666	64	9	0.2
0.0033333333333333327	0.16666666666666666	128	9	1.0
0.0033333333333333327	0.16666666666666666	96	9	0.9
0.0033333333333333327	0.16666666666666666	80	9	0.7
0.0033333333333333327	0.16666666666666666	88	9	0.8
0.0033333333333333327	0.16666666666666666	92	9	0.4
0.0033333333333333327	0.16666666666666666	94	9	0.7
0.0033333333333333327	0.16666666666666666	95	9	0.6
1.0	0.25	2	9	0.0
1.0	0.25	4	9	0.0
1.0	0.25	8	9	0.0
1.0	0.25	16	9	0.0
1.0	0.25	32	9	0.0
1.0	0.25	64	9	0.0
1.0	0.25	128	9	0.0
1.0	0.25	256	9	0.4
1.0	0.25	512	9	0.7
1.0	0.25	1024	9	1.0
1.0	0.25	768	9	1.0
1.0	0.25	640	9	0.9
1.0	0.25	576	9	0.8
1.0	0.25	608	9	0.9
1.0	0.25	592	9	0.9
1.0	0.25	584	9	0.7
1.0	0.25	588	9	1.0
1.0	0.25	586	9	0.9
1.0	0.25	585	9	0.9
0.5	0.25	2	9	0.0
0.5	0.25	4	9	0.0
0.5	0.25	8	9	0.0
0.5	0.25	16	9	0.0
0.5	0.25	32	9	0.0
0.5	0.25	64	9	0.1
0.5	0.25	128	9	0.4
0.5	0.25	256	9	1.0
0.5	0.25	192	9	0.6
0.5	0.25	224	9	0.6
0.5	0.25	240	9	0.9
0.5	0.25	232	9	0.7
0.5	0.25	236	9	0.6
0.5	0.25	238	9	0.9
0.5	0.25	237	9	0.9
0.2	0.25	2	9	0.0
0.2	0.25	4	9	0.0
0.2	0.25	8	9	0.0
0.2	0.25	16	9	0.0
0.2	0.25	32	9	0.0
0.2	0.25	64	9	0.3
0.2	0.25	128	9	0.8
0.2	0.25	256	9	1.0
0.2	0.25	192	9	0.8
0.2	0.25	224	9	0.9
0.2	0.25	208	9	0.8
0.2	0.25	216	9	1.0
0.2	0.25	212	9	1.0
0.2	0.25	210	9	1.0
0.2	0.25	209	9	1.0
0.1111111111111111	0.25	2	9	0.0
0.1111111111111111	0.25	4	9	0.0
0.1111111111111111	0.25	8	9	0.0
0.1111111111111111	0.25	16	9	0.0
0.1111111111111111	0.25	32	9	0.0
0.1111111111111111	0.25	64	9	0.4
0.1111111111111111	0.25	128	9	0.9
0.1111111111111111	0.25	96	9	0.8
0.1111111111111111	0.25	112	9	0.6
0.1111111111111111	0.25	120	9	1.0
0.1111111111111111	0.25	116	9	0.8
0.1111111111111111	0.25	118	9	0.6
0.1111111111111111	0.25	119	9	0.8
0.07692307692307693	0.25	2	9	0.0
0.07692307692307693	0.25	4	9	0.0
0.07692307692307693	0.25	8	9	0.0
0.07692307692307693	0.25	16	9	0.0
0.07692307692307693	0.25	32	9	0.0
0.07692307692307693	0.25	64	9	0.4
0.07692307692307693	0.25	128	9	1.0
0.07692307692307693	0.25	96	9	0.8
0.07692307692307693	0.25	112	9	0.7
0.07692307692307693	0.25	120	9	1.0
0.07692307692307693	0.25	116	9	1.0
0.07692307692307693	0.25	114	9	0.9
0.07692307692307693	0.25	113	9	0.9
0.05882352941176471	0.25	2	9	0.0
0.05882352941176471	0.25	4	9	0.0
0.05882352941176471	0.25	8	9	0.0
0.05882352941176471	0.25	16	9	0.0
0.05882352941176471	0.25	32	9	0.1
0.05882352941176471	0.25	64	9	0.4
0.05882352941176471	0.25	128	9	1.0
0.05882352941176471	0.25	96	9	0.9
0.05882352941176471	0.25	80	9	0.8
0.05882352941176471	0.25	88	9	1.0
0.05882352941176471	0.25	84	9	0.9
0.05882352941176471	0.25	82	9	0.5
0.05882352941176471	0.25	83	9	0.9
0.047619047619047616	0.25	2	9	0.0
0.047619047619047616	0.25	4	9	0.0
0.047619047619047616	0.25	8	9	0.0
0.047619047619047616	0.25	16	9	0.0
0.047619047619047616	0.25	32	9	0.2
0.047619047619047616	0.25	64	9	0.6
0.047619047619047616	0.25	128	9	1.0
0.047619047619047616	0.25	96	9	0.8
0.047619047619047616	0.25	112	9	0.8
0.047619047619047616	0.25	120	9	0.9
0.047619047619047616	0.25	116	9	1.0
0.047619047619047616	0.25	114	9	0.7
0.047619047619047616	0.25	115	9	0.9
0.04	0.25	2	9	0.0
0.04	0.25	4	9	0.0
0.04	0.25	8	9	0.0
0.04	0.25	16	9	0.0
0.04	0.25	32	9	0.2
0.04	0.25	64	9	0.3
0.04	0.25	128	9	0.9
0.04	0.25	96	9	0.8
0.04	0.25	112	9	1.0
0.04	0.25	104	9	1.0
0.04	0.25	100	9	0.8
0.04	0.25	102	9	1.0
0.04	0.25	101	9	0.7
0.03448275862068965	0.25	2	9	0.0
0.03448275862068965	0.25	4	9	0.0
0.03448275862068965	0.25	8	9	0.0
0.03448275862068965	0.25	16	9	0.0
0.03448275862068965	0.25	32	9	0.0
0.03448275862068965	0.25	64	9	0.6
0.03448275862068965	0.25	128	9	0.8
0.03448275862068965	0.25	256	9	1.0
0.03448275862068965	0.25	192	9	1.0
0.03448275862068965	0.25	160	9	1.0
0.03448275862068965	0.25	144	9	1.0
0.03448275862068965	0.25	136	9	1.0
0.03448275862068965	0.25	132	9	1.0
0.03448275862068965	0.25	130	9	1.0
0.03448275862068965	0.25	129	9	1.0
0.030303030303030307	0.25	2	9	0.0
0.030303030303030307	0.25	4	9	0.0
0.030303030303030307	0.25	8	9	0.0
0.030303030303030307	0.25	16	9	0.0
0.030303030303030307	0.25	32	9	0.2
0.030303030303030307	0.25	64	9	0.7
0.030303030303030307	0.25	128	9	0.8
0.030303030303030307	0.25	256	9	0.9
0.030303030303030307	0.25	192	9	1.0
0.030303030303030307	0.25	160	9	0.9
0.030303030303030307	0.25	144	9	1.0
0.030303030303030307	0.25	136	9	0.9
0.030303030303030307	0.25	132	9	1.0
0.030303030303030307	0.25	130	9	0.7
0.030303030303030307	0.25	131	9	1.0
0.006666666666666667	0.25	2	9	0.0
0.006666666666666667	0.25	4	9	0.0
0.006666666666666667	0.25	8	9	0.0
0.006666666666666667	0.25	16	9	0.0
0.006666666666666667	0.25	32	9	0.2
0.006666666666666667	0.25	64	9	0.7
0.006666666666666667	0.25	128	9	1.0
0.006666666666666667	0.25	96	9	0.8
0.006666666666666667	0.25	112	9	0.9
0.006666666666666667	0.25	104	9	0.9
0.006666666666666667	0.25	100	9	1.0
0.006666666666666667	0.25	98	9	0.8
0.006666666666666667	0.25	99	9	1.0
0.0033333333333333327	0.25	2	9	0.0
0.0033333333333333327	0.25	4	9	0.0
0.0033333333333333327	0.25	8	9	0.0
0.0033333333333333327	0.25	16	9	0.1
0.0033333333333333327	0.25	32	9	0.1
0.0033333333333333327	0.25	64	9	0.6
0.0033333333333333327	0.25	128	9	1.0
0.0033333333333333327	0.25	96	9	0.7
0.0033333333333333327	0.25	112	9	0.8
0.0033333333333333327	0.25	120	9	0.8
0.0033333333333333327	0.25	124	9	1.0
0.0033333333333333327	0.25	122	9	1.0
0.0033333333333333327	0.25	121	9	1.0
1.0	0.5	2	9	0.0
1.0	0.5	4	9	0.0
1.0	0.5	8	9	0.0
1.0	0.5	16	9	0.0
1.0	0.5	32	9	0.0
1.0	0.5	64	9	0.0
1.0	0.5	128	9	0.0
1.0	0.5	256	9	0.4
1.0	0.5	512	9	0.3
1.0	0.5	1024	9	0.9
1.0	0.5	768	9	0.8
1.0	0.5	896	9	0.8
1.0	0.5	960	9	0.9
1.0	0.5	928	9	1.0
1.0	0.5	912	9	0.8
1.0	0.5	920	9	0.7
1.0	0.5	924	9	0.9
1.0	0.5	922	9	0.9
1.0	0.5	921	9	1.0
0.5	0.5	2	9	0.0
0.5	0.5	4	9	0.0
0.5	0.5	8	9	0.0
0.5	0.5	16	9	0.0
0.5	0.5	32	9	0.0
0.5	0.5	64	9	0.0
0.5	0.5	128	9	0.9
0.5	0.5	96	9	0.6
0.5	0.5	112	9	0.6
0.5	0.5	120	9	0.5
0.5	0.5	124	9	0.3
0.5	0.5	126	9	0.5
0.5	0.5	127	9	0.9
0.2	0.5	2	9	0.0
0.2	0.5	4	9	0.0
0.2	0.5	8	9	0.0
0.2	0.5	16	9	0.0
0.2	0.5	32	9	0.0
0.2	0.5	64	9	0.8
0.2	0.5	128	9	1.0
0.2	0.5	96	9	0.8
0.2	0.5	112	9	1.0
0.2	0.5	104	9	1.0
0.2	0.5	100	9	1.0
0.2	0.5	98	9	0.8
0.2	0.5	99	9	0.9
0.1111111111111111	0.5	2	9	0.0
0.1111111111111111	0.5	4	9	0.0
0.1111111111111111	0.5	8	9	0.0
0.1111111111111111	0.5	16	9	0.0
0.1111111111111111	0.5	32	9	0.2
0.1111111111111111	0.5	64	9	0.6
0.1111111111111111	0.5	128	9	1.0
0.1111111111111111	0.5	96	9	0.8
0.1111111111111111	0.5	112	9	1.0
0.1111111111111111	0.5	104	9	0.8
0.1111111111111111	0.5	108	9	0.9
0.1111111111111111	0.5	106	9	1.0
0.1111111111111111	0.5	105	9	1.0
0.07692307692307693	0.5	2	9	0.0
0.07692307692307693	0.5	4	9	0.0
0.07692307692307693	0.5	8	9	0.0
0.07692307692307693	0.5	16	9	0.0
0.07692307692307693	0.5	32	9	0.4
0.07692307692307693	0.5	64	9	0.9
0.07692307692307693	0.5	48	9	0.7
0.07692307692307693	0.5	56	9	0.8
0.07692307692307693	0.5	60	9	0.9
0.07692307692307693	0.5	58	9	0.7
0.07692307692307693	0.5	59	9	0.9
0.05882352941176471	0.5	2	9	0.0
0.05882352941176471	0.5	4	9	0.0
0.05882352941176471	0.5	8	9	0.0
0.05882352941176471	0.5	16	9	0.0
0.05882352941176471	0.5	32	9	0.4
0.05882352941176471	0.5	64	9	0.9
0.05882352941176471	0.5	48	9	0.8
0.05882352941176471	0.5	56	9	0.8
0.05882352941176471	0.5	60	9	0.9
0.05882352941176471	0.5	58	9	0.9
0.05882352941176471	0.5	57	9	0.7
0.047619047619047616	0.5	2	9	0.0
0.047619047619047616	0.5	4	9	0.0
0.047619047619047616	0.5	8	9	0.0
0.047619047619047616	0.5	16	9	0.0
0.047619047619047616	0.5	32	9	0.1
0.047619047619047616	0.5	64	9	0.7
0.047619047619047616	0.5	128	9	1.0
0.047619047619047616	0.5	96	9	1.0
0.047619047619047616	0.5	80	9	0.9
0.047619047619047616	0.5	72	9	0.9
0.047619047619047616	0.5	68	9	0.7
0.047619047619047616	0.5	70	9	1.0
0.047619047619047616	0.5	69	9	0.9
0.04	0.5	2	9	0.0
0.04	0.5	4	9	0.0
0.04	0.5	8	9	0.0
0.04	0.5	16	9	0.0
0.04	0.5	32	9	0.4
0.04	0.5	64	9	0.9
0.04	0.5	48	9	0.8
0.04	0.5	56	9	0.9
0.04	0.5	52	9	0.9
0.04	0.5	50	9	0.8
0.04	0.5	51	9	0.7
0.03448275862068965	0.5	2	9	0.0
0.03448275862068965	0.5	4	9	0.0
0.03448275862068965	0.5	8	9	0.0
0.03448275862068965	0.5	16	9	0.0
0.03448275862068965	0.5	32	9	0.4
0.03448275862068965	0.5	64	9	0.8
0.03448275862068965	0.5	128	9	1.0
0.03448275862068965	0.5	96	9	1.0
0.03448275862068965	0.5	80	9	1.0
0.03448275862068965	0.5	72	9	1.0
0.03448275862068965	0.5	68	9	1.0
0.03448275862068965	0.5	66	9	0.9
0.03448275862068965	0.5	65	9	1.0
0.030303030303030307	0.5	2	9	0.0
0.030303030303030307	0.5	4	9	0.0
0.030303030303030307	0.5	8	9	0.0
0.030303030303030307	0.5	16	9	0.0
0.030303030303030307	0.5	32	9	0.5
0.030303030303030307	0.5	64	9	0.9
0.030303030303030307	0.5	48	9	0.8
0.030303030303030307	0.5	56	9	0.9
0.030303030303030307	0.5	52	9	0.8
0.030303030303030307	0.5	54	9	0.7
0.030303030303030307	0.5	55	9	0.7
0.006666666666666667	0.5	2	9	0.0
0.006666666666666667	0.5	4	9	0.0
0.006666666666666667	0.5	8	9	0.0
0.006666666666666667	0.5	16	9	0.1
0.006666666666666667	0.5	32	9	0.6
0.006666666666666667	0.5	64	9	1.0
0.006666666666666667	0.5	48	9	1.0
0.006666666666666667	0.5	40	9	0.9
0.006666666666666667	0.5	36	9	1.0
0.006666666666666667	0.5	34	9	0.7
0.006666666666666667	0.5	35	9	0.4
0.0033333333333333327	0.5	2	9	0.0
0.0033333333333333327	0.5	4	9	0.0
0.0033333333333333327	0.5	8	9	0.0
0.0033333333333333327	0.5	16	9	0.1
0.0033333333333333327	0.5	32	9	0.7
0.0033333333333333327	0.5	64	9	0.8
0.0033333333333333327	0.5	128	9	1.0
0.0033333333333333327	0.5	96	9	1.0
0.0033333333333333327	0.5	80	9	1.0
0.0033333333333333327	0.5	72	9	1.0
0.0033333333333333327	0.5	68	9	0.9
0.0033333333333333327	0.5	66	9	1.0
0.0033333333333333327	0.5	65	9	0.8
1.0	1.0	2	9	0.0
1.0	1.0	4	9	0.0
1.0	1.0	8	9	0.0
1.0	1.0	16	9	0.0
1.0	1.0	32	9	0.0
1.0	1.0	64	9	0.0
1.0	1.0	128	9	0.0
1.0	1.0	256	9	0.0
1.0	1.0	512	9	0.1
1.0	1.0	1024	9	0.7
1.0	1.0	2048	9	0.9
1.0	1.0	1536	9	0.8
1.0	1.0	1792	9	0.9
1.0	1.0	1664	9	0.8
1.0	1.0	1728	9	0.9
1.0	1.0	1696	9	0.8
1.0	1.0	1712	9	0.8
1.0	1.0	1720	9	0.9
1.0	1.0	1716	9	0.9
1.0	1.0	1714	9	0.9
1.0	1.0	1713	9	0.8
0.5	1.0	2	9	0.0
0.5	1.0	4	9	0.0
0.5	1.0	8	9	0.0
0.5	1.0	16	9	0.0
0.5	1.0	32	9	0.0
0.5	1.0	64	9	0.0
0.5	1.0	128	9	0.7
0.5	1.0	256	9	1.0
0.5	1.0	192	9	0.8
0.5	1.0	224	9	0.9
0.5	1.0	208	9	0.9
0.5	1.0	200	9	0.9
0.5	1.0	196	9	0.9
0.5	1.0	194	9	0.9
0.5	1.0	193	9	1.0
0.2	1.0	2	9	0.0
0.2	1.0	4	9	0.0
0.2	1.0	8	9	0.0
0.2	1.0	16	9	0.0
0.2	1.0	32	9	0.1
0.2	1.0	64	9	0.9
0.2	1.0	48	9	0.8
0.2	1.0	56	9	0.9
0.2	1.0	52	9	0.8
0.2	1.0	54	9	0.9
0.2	1.0	53	9	0.6
0.1111111111111111	1.0	2	9	0.0
0.1111111111111111	1.0	4	9	0.0
0.1111111111111111	1.0	8	9	0.0
0.1111111111111111	1.0	16	9	0.0
0.1111111111111111	1.0	32	9	0.6
0.1111111111111111	1.0	64	9	1.0
0.1111111111111111	1.0	48	9	1.0
0.1111111111111111	1.0	40	9	0.6
0.1111111111111111	1.0	44	9	0.6
0.1111111111111111	1.0	46	9	0.8
0.1111111111111111	1.0	47	9	0.9
0.07692307692307693	1.0	2	9	0.0
0.07692307692307693	1.0	4	9	0.0
0.07692307692307693	1.0	8	9	0.0
0.07692307692307693	1.0	16	9	0.1
0.07692307692307693	1.0	32	9	0.8
0.07692307692307693	1.0	64	9	1.0
0.07692307692307693	1.0	48	9	0.9
0.07692307692307693	1.0	40	9	0.6
0.07692307692307693	1.0	44	9	0.9
0.07692307692307693	1.0	42	9	0.9
0.07692307692307693	1.0	41	9	1.0
0.05882352941176471	1.0	2	9	0.0
0.05882352941176471	1.0	4	9	0.0
0.05882352941176471	1.0	8	9	0.0
0.05882352941176471	1.0	16	9	0.2
0.05882352941176471	1.0	32	9	1.0
0.05882352941176471	1.0	24	9	0.3
0.05882352941176471	1.0	28	9	0.8
0.05882352941176471	1.0	30	9	0.8
0.05882352941176471	1.0	31	9	0.8
0.047619047619047616	1.0	2	9	0.0
0.047619047619047616	1.0	4	9	0.0
0.047619047619047616	1.0	8	9	0.0
0.047619047619047616	1.0	16	9	0.3
0.047619047619047616	1.0	32	9	0.9
0.047619047619047616	1.0	24	9	0.6
0.047619047619047616	1.0	28	9	0.9
0.047619047619047616	1.0	26	9	0.6
0.047619047619047616	1.0	27	9	0.9
0.04	1.0	2	9	0.0
0.04	1.0	4	9	0.0
0.04	1.0	8	9	0.0
0.04	1.0	16	9	0.2
0.04	1.0	32	9	1.0
0.04	1.0	24	9	0.7
0.04	1.0	28	9	0.7
0.04	1.0	30	9	0.7
0.04	1.0	31	9	0.9
0.03448275862068965	1.0	2	9	0.0
0.03448275862068965	1.0	4	9	0.0
0.03448275862068965	1.0	8	9	0.0
0.03448275862068965	1.0	16	9	0.5
0.03448275862068965	1.0	32	9	0.9
0.03448275862068965	1.0	24	9	0.6
0.03448275862068965	1.0	28	9	0.9
0.03448275862068965	1.0	26	9	0.5
0.03448275862068965	1.0	27	9	0.9
0.030303030303030307	1.0	2	9	0.0
0.030303030303030307	1.0	4	9	0.0
0.030303030303030307	1.0	8	9	0.0
0.030303030303030307	1.0	16	9	0.0
0.030303030303030307	1.0	32	9	1.0
0.030303030303030307	1.0	24	9	0.7
0.030303030303030307	1.0	28	9	0.9
0.030303030303030307	1.0	26	9	0.6
0.030303030303030307	1.0	27	9	0.9
0.006666666666666667	1.0	2	9	0.0
0.006666666666666667	1.0	4	9	0.0
0.006666666666666667	1.0	8	9	0.0
0.006666666666666667	1.0	16	9	0.6
0.006666666666666667	1.0	32	9	0.8
0.006666666666666667	1.0	64	9	1.0
0.006666666666666667	1.0	48	9	1.0
0.006666666666666667	1.0	40	9	0.9
0.006666666666666667	1.0	36	9	0.7
0.006666666666666667	1.0	38	9	0.8
0.006666666666666667	1.0	39	9	1.0
0.0033333333333333327	1.0	2	9	0.0
0.0033333333333333327	1.0	4	9	0.0
0.0033333333333333327	1.0	8	9	0.0
0.0033333333333333327	1.0	16	9	0.4
0.0033333333333333327	1.0	32	9	0.8
0.0033333333333333327	1.0	64	9	1.0
0.0033333333333333327	1.0	48	9	1.0
0.0033333333333333327	1.0	40	9	1.0
0.0033333333333333327	1.0	36	9	1.0
0.0033333333333333327	1.0	34	9	1.0
0.0033333333333333327	1.0	33	9	1.0
1.0	2.0	2	9	0.0
1.0	2.0	4	9	0.0
1.0	2.0	8	9	0.0
1.0	2.0	16	9	0.0
1.0	2.0	32	9	0.0
1.0	2.0	64	9	0.0
1.0	2.0	128	9	0.0
1.0	2.0	256	9	0.0
1.0	2.0	512	9	0.0
1.0	2.0	1024	9	0.0
1.0	2.0	2048	9	0.1
1.0	2.0	4096	9	0.2
0.5	2.0	2	9	0.0
0.5	2.0	4	9	0.0
0.5	2.0	8	9	0.0
0.5	2.0	16	9	0.0
0.5	2.0	32	9	0.0
0.5	2.0	64	9	0.1
0.5	2.0	128	9	0.7
0.5	2.0	256	9	1.0
0.5	2.0	192	9	1.0
0.5	2.0	160	9	0.9
0.5	2.0	144	9	0.9
0.5	2.0	136	9	1.0
0.5	2.0	132	9	1.0
0.5	2.0	130	9	0.8
0.5	2.0	131	9	0.9
0.2	2.0	2	9	0.0
0.2	2.0	4	9	0.0
0.2	2.0	8	9	0.0
0.2	2.0	16	9	0.0
0.2	2.0	32	9	0.5
0.2	2.0	64	9	1.0
0.2	2.0	48	9	0.9
0.2	2.0	40	9	0.7
0.2	2.0	44	9	0.8
0.2	2.0	46	9	0.9
0.2	2.0	45	9	0.9
0.1111111111111111	2.0	2	9	0.0
0.1111111111111111	2.0	4	9	0.0
0.1111111111111111	2.0	8	9	0.0
0.1111111111111111	2.0	16	9	0.1
0.1111111111111111	2.0	32	9	0.9
0.1111111111111111	2.0	24	9	0.8
0.1111111111111111	2.0	28	9	0.7
0.1111111111111111	2.0	30	9	0.7
0.1111111111111111	2.0	31	9	0.8
0.07692307692307693	2.0	2	9	0.0
0.07692307692307693	2.0	4	9	0.0
0.07692307692307693	2.0	8	9	0.0
0.07692307692307693	2.0	16	9	0.5
0.07692307692307693	2.0	32	9	1.0
0.07692307692307693	2.0	24	9	0.6
0.07692307692307693	2.0	28	9	0.8
0.07692307692307693	2.0	30	9	0.8
0.07692307692307693	2.0	31	9	0.9
0.05882352941176471	2.0	2	9	0.0
0.05882352941176471	2.0	4	9	0.0
0.05882352941176471	2.0	8	9	0.1
0.05882352941176471	2.0	16	9	0.5
0.05882352941176471	2.0	32	9	1.0
0.05882352941176471	2.0	24	9	1.0
0.05882352941176471	2.0	20	9	0.6
0.05882352941176471	2.0	22	9	0.9
0.05882352941176471	2.0	21	9	0.6
0.047619047619047616	2.0	2	9	0.0
0.047619047619047616	2.0	4	9	0.0
0.047619047619047616	2.0	8	9	0.1
0.047619047619047616	2.0	16	9	0.7
0.047619047619047616	2.0	32	9	1.0
0.047619047619047616	2.0	24	9	0.8
0.047619047619047616	2.0	28	9	0.9
0.047619047619047616	2.0	26	9	1.0
0.047619047619047616	2.0	25	9	1.0
0.04	2.0	2	9	0.0
0.04	2.0	4	9	0.0
0.04	2.0	8	9	0.0
0.04	2.0	16	9	0.4
0.04	2.0	32	9	0.8
0.04	2.0	64	9	1.0
0.04	2.0	48	9	1.0
0.04	2.0	40	9	1.0
0.04	2.0	36	9	0.9
0.04	2.0	34	9	0.9
0.04	2.0	33	9	1.0
0.03448275862068965	2.0	2	9	0.0
0.03448275862068965	2.0	4	9	0.0
0.03448275862068965	2.0	8	9	0.2
0.03448275862068965	2.0	16	9	0.6
0.03448275862068965	2.0	32	9	1.0
0.03448275862068965	2.0	24	9	0.8
0.03448275862068965	2.0	28	9	1.0
0.03448275862068965	2.0	26	9	0.9
0.03448275862068965	2.0	25	9	1.0
0.030303030303030307	2.0	2	9	0.0
0.030303030303030307	2.0	4	9	0.0
0.030303030303030307	2.0	8	9	0.2
0.030303030303030307	2.0	16	9	0.7
0.030303030303030307	2.0	32	9	1.0
0.030303030303030307	2.0	24	9	0.7
0.030303030303030307	2.0	28	9	0.9
0.030303030303030307	2.0	26	9	1.0
0.030303030303030307	2.0	25	9	1.0
0.006666666666666667	2.0	2	9	0.0
0.006666666666666667	2.0	4	9	0.0
0.006666666666666667	2.0	8	9	0.5
0.006666666666666667	2.0	16	9	0.8
0.006666666666666667	2.0	32	9	0.9
0.006666666666666667	2.0	24	9	0.9
0.006666666666666667	2.0	20	9	0.9
0.006666666666666667	2.0	18	9	0.8
0.006666666666666667	2.0	19	9	0.9
0.0033333333333333327	2.0	2	9	0.0
0.0033333333333333327	2.0	4	9	0.1
0.0033333333333333327	2.0	8	9	0.2
0.0033333333333333327	2.0	16	9	0.9
0.0033333333333333327	2.0	12	9	0.7
0.0033333333333333327	2.0	14	9	0.7
0.0033333333333333327	2.0	15	9	0.6
