1.0	0.08333333333333333	2	9	0.0
1.0	0.08333333333333333	4	9	0.0
1.0	0.08333333333333333	8	9	0.0
1.0	0.08333333333333333	16	9	0.0
1.0	0.08333333333333333	32	9	0.0
1.0	0.08333333333333333	64	9	0.0
1.0	0.08333333333333333	128	9	0.0
1.0	0.08333333333333333	256	9	0.0
1.0	0.08333333333333333	512	9	0.0
1.0	0.08333333333333333	1024	9	0.0
1.0	0.08333333333333333	2048	9	0.1
1.0	0.08333333333333333	4096	9	0.9
1.0	0.08333333333333333	3072	9	0.3
1.0	0.08333333333333333	3584	9	0.8
1.0	0.08333333333333333	3840	9	0.8
1.0	0.08333333333333333	3968	9	0.8
1.0	0.08333333333333333	4032	9	0.9
1.0	0.08333333333333333	4000	9	0.9
1.0	0.08333333333333333	3984	9	0.7
1.0	0.08333333333333333	3992	9	0.9
1.0	0.08333333333333333	3988	9	0.9
1.0	0.08333333333333333	3986	9	1.0
1.0	0.08333333333333333	3985	9	1.0
0.5	0.08333333333333333	2	9	0.0
0.5	0.08333333333333333	4	9	0.0
0.5	0.08333333333333333	8	9	0.0
0.5	0.08333333333333333	16	9	0.0
0.5	0.08333333333333333	32	9	0.0
0.5	0.08333333333333333	64	9	0.0
0.5	0.08333333333333333	128	9	0.0
0.5	0.08333333333333333	256	9	0.0
0.5	0.08333333333333333	512	9	0.0
0.5	0.08333333333333333	1024	9	0.0
0.5	0.08333333333333333	2048	9	0.0
0.5	0.08333333333333333	4096	9	0.8
0.5	0.08333333333333333	8192	9	1.0
0.5	0.08333333333333333	6144	9	1.0
0.5	0.08333333333333333	5120	9	1.0
0.5	0.08333333333333333	4608	9	1.0
0.5	0.08333333333333333	4352	9	0.9
0.5	0.08333333333333333	4224	9	0.7
0.5	0.08333333333333333	4288	9	0.8
0.5	0.08333333333333333	4320	9	0.9
0.5	0.08333333333333333	4304	9	1.0
0.5	0.08333333333333333	4296	9	0.8
0.5	0.08333333333333333	4300	9	1.0
0.5	0.08333333333333333	4298	9	0.9
0.5	0.08333333333333333	4297	9	0.8
0.2	0.08333333333333333	2	9	0.0
0.2	0.08333333333333333	4	9	0.0
0.2	0.08333333333333333	8	9	0.0
0.2	0.08333333333333333	16	9	0.0
0.2	0.08333333333333333	32	9	0.0
0.2	0.08333333333333333	64	9	0.0
0.2	0.08333333333333333	128	9	0.0
0.2	0.08333333333333333	256	9	0.0
0.2	0.08333333333333333	512	9	0.0
0.2	0.08333333333333333	1024	9	0.0
0.2	0.08333333333333333	2048	9	0.1
0.2	0.08333333333333333	4096	9	0.9
0.2	0.08333333333333333	3072	9	0.7
0.2	0.08333333333333333	3584	9	0.7
0.2	0.08333333333333333	3840	9	0.9
0.2	0.08333333333333333	3712	9	1.0
0.2	0.08333333333333333	3648	9	0.7
0.2	0.08333333333333333	3680	9	0.9
0.2	0.08333333333333333	3664	9	0.5
0.2	0.08333333333333333	3672	9	0.7
0.2	0.08333333333333333	3676	9	1.0
0.2	0.08333333333333333	3674	9	0.6
0.2	0.08333333333333333	3675	9	0.8
0.1111111111111111	0.08333333333333333	2	9	0.0
0.1111111111111111	0.08333333333333333	4	9	0.0
0.1111111111111111	0.08333333333333333	8	9	0.0
0.1111111111111111	0.08333333333333333	16	9	0.0
0.1111111111111111	0.08333333333333333	32	9	0.0
0.1111111111111111	0.08333333333333333	64	9	0.0
0.1111111111111111	0.08333333333333333	128	9	0.0
0.1111111111111111	0.08333333333333333	256	9	0.0
0.1111111111111111	0.08333333333333333	512	9	0.0
0.1111111111111111	0.08333333333333333	1024	9	0.0
0.1111111111111111	0.08333333333333333	2048	9	0.1
0.1111111111111111	0.08333333333333333	4096	9	0.9
0.1111111111111111	0.08333333333333333	3072	9	0.5
0.1111111111111111	0.08333333333333333	3584	9	0.7
0.1111111111111111	0.08333333333333333	3840	9	0.8
0.1111111111111111	0.08333333333333333	3968	9	0.9
0.1111111111111111	0.08333333333333333	3904	9	0.9
0.1111111111111111	0.08333333333333333	3872	9	0.9
0.1111111111111111	0.08333333333333333	3856	9	0.9
0.1111111111111111	0.08333333333333333	3848	9	0.8
0.1111111111111111	0.08333333333333333	3852	9	0.8
0.1111111111111111	0.08333333333333333	3854	9	1.0
0.1111111111111111	0.08333333333333333	3853	9	0.9
0.07692307692307693	0.08333333333333333	2	9	0.0
0.07692307692307693	0.08333333333333333	4	9	0.0
0.07692307692307693	0.08333333333333333	8	9	0.0
0.07692307692307693	0.08333333333333333	16	9	0.0
0.07692307692307693	0.08333333333333333	32	9	0.0
0.07692307692307693	0.08333333333333333	64	9	0.0
0.07692307692307693	0.08333333333333333	128	9	0.0
0.07692307692307693	0.08333333333333333	256	9	0.0
0.07692307692307693	0.08333333333333333	512	9	0.0
0.07692307692307693	0.08333333333333333	1024	9	0.0
0.07692307692307693	0.08333333333333333	2048	9	0.2
0.07692307692307693	0.08333333333333333	4096	9	1.0
0.07692307692307693	0.08333333333333333	3072	9	0.4
0.07692307692307693	0.08333333333333333	3584	9	0.7
0.07692307692307693	0.08333333333333333	3840	9	1.0
0.07692307692307693	0.08333333333333333	3712	9	1.0
0.07692307692307693	0.08333333333333333	3648	9	0.7
0.07692307692307693	0.08333333333333333	3680	9	0.7
0.07692307692307693	0.08333333333333333	3696	9	0.9
0.07692307692307693	0.08333333333333333	3688	9	0.8
0.07692307692307693	0.08333333333333333	3692	9	0.8
0.07692307692307693	0.08333333333333333	3694	9	0.9
0.07692307692307693	0.08333333333333333	3693	9	0.9
0.05882352941176471	0.08333333333333333	2	9	0.0
0.05882352941176471	0.08333333333333333	4	9	0.0
0.05882352941176471	0.08333333333333333	8	9	0.0
0.05882352941176471	0.08333333333333333	16	9	0.0
0.05882352941176471	0.08333333333333333	32	9	0.0
0.05882352941176471	0.08333333333333333	64	9	0.0
0.05882352941176471	0.08333333333333333	128	9	0.0
0.05882352941176471	0.08333333333333333	256	9	0.0
0.05882352941176471	0.08333333333333333	512	9	0.0
0.05882352941176471	0.08333333333333333	1024	9	0.0
0.05882352941176471	0.08333333333333333	2048	9	0.0
0.05882352941176471	0.08333333333333333	4096	9	1.0
0.05882352941176471	0.08333333333333333	3072	9	0.5
0.05882352941176471	0.08333333333333333	3584	9	0.9
0.05882352941176471	0.08333333333333333	3328	9	0.6
0.05882352941176471	0.08333333333333333	3456	9	0.7
0.05882352941176471	0.08333333333333333	3520	9	0.7
0.05882352941176471	0.08333333333333333	3552	9	0.8
0.05882352941176471	0.08333333333333333	3568	9	1.0
0.05882352941176471	0.08333333333333333	3560	9	1.0
0.05882352941176471	0.08333333333333333	3556	9	0.8
0.05882352941176471	0.08333333333333333	3558	9	0.6
0.05882352941176471	0.08333333333333333	3559	9	1.0
0.047619047619047616	0.08333333333333333	2	9	0.0
0.047619047619047616	0.08333333333333333	4	9	0.0
0.047619047619047616	0.08333333333333333	8	9	0.0
0.047619047619047616	0.08333333333333333	16	9	0.0
0.047619047619047616	0.08333333333333333	32	9	0.0
0.047619047619047616	0.08333333333333333	64	9	0.0
0.047619047619047616	0.08333333333333333	128	9	0.0
0.047619047619047616	0.08333333333333333	256	9	0.0
0.047619047619047616	0.08333333333333333	512	9	0.0
0.047619047619047616	0.08333333333333333	1024	9	0.0
0.047619047619047616	0.08333333333333333	2048	9	0.0
0.047619047619047616	0.08333333333333333	4096	9	0.9
0.047619047619047616	0.08333333333333333	3072	9	0.9
0.047619047619047616	0.08333333333333333	2560	9	0.2
0.047619047619047616	0.08333333333333333	2816	9	0.7
0.047619047619047616	0.08333333333333333	2944	9	0.6
0.047619047619047616	0.08333333333333333	3008	9	0.9
0.047619047619047616	0.08333333333333333	2976	9	0.6
0.047619047619047616	0.08333333333333333	2992	9	0.8
0.047619047619047616	0.08333333333333333	3000	9	0.3
0.047619047619047616	0.08333333333333333	3004	9	0.7
0.047619047619047616	0.08333333333333333	3006	9	0.5
0.047619047619047616	0.08333333333333333	3007	9	0.8
0.04	0.08333333333333333	2	9	0.0
0.04	0.08333333333333333	4	9	0.0
0.04	0.08333333333333333	8	9	0.0
0.04	0.08333333333333333	16	9	0.0
0.04	0.08333333333333333	32	9	0.0
0.04	0.08333333333333333	64	9	0.0
0.04	0.08333333333333333	128	9	0.0
0.04	0.08333333333333333	256	9	0.0
0.04	0.08333333333333333	512	9	0.0
0.04	0.08333333333333333	1024	9	0.0
0.04	0.08333333333333333	2048	9	0.2
0.04	0.08333333333333333	4096	9	0.9
0.04	0.08333333333333333	3072	9	0.7
0.04	0.08333333333333333	3584	9	0.8
0.04	0.08333333333333333	3840	9	1.0
0.04	0.08333333333333333	3712	9	0.9
0.04	0.08333333333333333	3648	9	0.8
0.04	0.08333333333333333	3680	9	0.9
0.04	0.08333333333333333	3664	9	0.7
0.04	0.08333333333333333	3672	9	0.8
0.04	0.08333333333333333	3676	9	0.6
0.04	0.08333333333333333	3678	9	1.0
0.04	0.08333333333333333	3677	9	0.9
0.03448275862068965	0.08333333333333333	2	9	0.0
0.03448275862068965	0.08333333333333333	4	9	0.0
0.03448275862068965	0.08333333333333333	8	9	0.0
0.03448275862068965	0.08333333333333333	16	9	0.0
0.03448275862068965	0.08333333333333333	32	9	0.0
0.03448275862068965	0.08333333333333333	64	9	0.0
0.03448275862068965	0.08333333333333333	128	9	0.0
0.03448275862068965	0.08333333333333333	256	9	0.0
0.03448275862068965	0.08333333333333333	512	9	0.0
0.03448275862068965	0.08333333333333333	1024	9	0.0
0.03448275862068965	0.08333333333333333	2048	9	0.1
0.03448275862068965	0.08333333333333333	4096	9	0.9
0.03448275862068965	0.08333333333333333	3072	9	0.3
0.03448275862068965	0.08333333333333333	3584	9	0.7
0.03448275862068965	0.08333333333333333	3840	9	0.9
0.03448275862068965	0.08333333333333333	3712	9	0.7
0.03448275862068965	0.08333333333333333	3776	9	0.9
0.03448275862068965	0.08333333333333333	3744	9	0.9
0.03448275862068965	0.08333333333333333	3728	9	0.8
0.03448275862068965	0.08333333333333333	3736	9	1.0
0.03448275862068965	0.08333333333333333	3732	9	0.7
0.03448275862068965	0.08333333333333333	3734	9	0.8
0.03448275862068965	0.08333333333333333	3735	9	0.8
0.030303030303030307	0.08333333333333333	2	9	0.0
0.030303030303030307	0.08333333333333333	4	9	0.0
0.030303030303030307	0.08333333333333333	8	9	0.0
0.030303030303030307	0.08333333333333333	16	9	0.0
0.030303030303030307	0.08333333333333333	32	9	0.0
0.030303030303030307	0.08333333333333333	64	9	0.0
0.030303030303030307	0.08333333333333333	128	9	0.0
0.030303030303030307	0.08333333333333333	256	9	0.0
0.030303030303030307	0.08333333333333333	512	9	0.0
0.030303030303030307	0.08333333333333333	1024	9	0.0
0.030303030303030307	0.08333333333333333	2048	9	0.2
0.030303030303030307	0.08333333333333333	4096	9	1.0
0.030303030303030307	0.08333333333333333	3072	9	0.7
0.030303030303030307	0.08333333333333333	3584	9	0.9
0.030303030303030307	0.08333333333333333	3328	9	0.9
0.030303030303030307	0.08333333333333333	3200	9	0.5
0.030303030303030307	0.08333333333333333	3264	9	0.8
0.030303030303030307	0.08333333333333333	3296	9	0.7
0.030303030303030307	0.08333333333333333	3312	9	0.9
0.030303030303030307	0.08333333333333333	3304	9	0.9
0.030303030303030307	0.08333333333333333	3300	9	0.7
0.030303030303030307	0.08333333333333333	3302	9	0.9
0.030303030303030307	0.08333333333333333	3301	9	0.8
0.006666666666666667	0.08333333333333333	2	9	0.0
0.006666666666666667	0.08333333333333333	4	9	0.0
0.006666666666666667	0.08333333333333333	8	9	0.0
0.006666666666666667	0.08333333333333333	16	9	0.0
0.006666666666666667	0.08333333333333333	32	9	0.0
0.006666666666666667	0.08333333333333333	64	9	0.0
0.006666666666666667	0.08333333333333333	128	9	0.0
0.006666666666666667	0.08333333333333333	256	9	0.0
0.006666666666666667	0.08333333333333333	512	9	0.0
0.006666666666666667	0.08333333333333333	1024	9	0.0
0.006666666666666667	0.08333333333333333	2048	9	0.1
0.006666666666666667	0.08333333333333333	4096	9	1.0
0.006666666666666667	0.08333333333333333	3072	9	0.5
0.006666666666666667	0.08333333333333333	3584	9	0.9
0.006666666666666667	0.08333333333333333	3328	9	0.6
0.006666666666666667	0.08333333333333333	3456	9	0.6
0.006666666666666667	0.08333333333333333	3520	9	0.9
0.006666666666666667	0.08333333333333333	3488	9	0.8
0.006666666666666667	0.08333333333333333	3504	9	0.8
0.006666666666666667	0.08333333333333333	3512	9	0.8
0.006666666666666667	0.08333333333333333	3516	9	0.7
0.006666666666666667	0.08333333333333333	3518	9	0.8
0.006666666666666667	0.08333333333333333	3519	9	0.9
0.0033333333333333327	0.08333333333333333	2	9	0.0
0.0033333333333333327	0.08333333333333333	4	9	0.0
0.0033333333333333327	0.08333333333333333	8	9	0.0
0.0033333333333333327	0.08333333333333333	16	9	0.0
0.0033333333333333327	0.08333333333333333	32	9	0.0
0.0033333333333333327	0.08333333333333333	64	9	0.0
0.0033333333333333327	0.08333333333333333	128	9	0.0
0.0033333333333333327	0.08333333333333333	256	9	0.0
0.0033333333333333327	0.08333333333333333	512	9	0.0
0.0033333333333333327	0.08333333333333333	1024	9	0.0
0.0033333333333333327	0.08333333333333333	2048	9	0.1
0.0033333333333333327	0.08333333333333333	4096	9	0.9
0.0033333333333333327	0.08333333333333333	3072	9	0.7
0.0033333333333333327	0.08333333333333333	3584	9	0.7
0.0033333333333333327	0.08333333333333333	3840	9	0.9
0.0033333333333333327	0.08333333333333333	3712	9	0.9
0.0033333333333333327	0.08333333333333333	3648	9	0.9
0.0033333333333333327	0.08333333333333333	3616	9	0.7
0.0033333333333333327	0.08333333333333333	3632	9	0.7
0.0033333333333333327	0.08333333333333333	3640	9	0.7
0.0033333333333333327	0.08333333333333333	3644	9	0.9
0.0033333333333333327	0.08333333333333333	3642	9	0.7
0.0033333333333333327	0.08333333333333333	3643	9	0.6
1.0	0.1	2	9	0.0
1.0	0.1	4	9	0.0
1.0	0.1	8	9	0.0
1.0	0.1	16	9	0.0
1.0	0.1	32	9	0.0
1.0	0.1	64	9	0.0
1.0	0.1	128	9	0.0
1.0	0.1	256	9	0.0
1.0	0.1	512	9	0.0
1.0	0.1	1024	9	0.0
1.0	0.1	2048	9	0.2
1.0	0.1	4096	9	1.0
1.0	0.1	3072	9	0.8
1.0	0.1	3584	9	0.8
1.0	0.1	3840	9	1.0
1.0	0.1	3712	9	1.0
1.0	0.1	3648	9	0.9
1.0	0.1	3616	9	0.8
1.0	0.1	3632	9	0.9
1.0	0.1	3624	9	0.9
1.0	0.1	3620	9	0.8
1.0	0.1	3622	9	0.9
1.0	0.1	3621	9	0.7
0.5	0.1	2	9	0.0
0.5	0.1	4	9	0.0
0.5	0.1	8	9	0.0
0.5	0.1	16	9	0.0
0.5	0.1	32	9	0.0
0.5	0.1	64	9	0.0
0.5	0.1	128	9	0.0
0.5	0.1	256	9	0.0
0.5	0.1	512	9	0.0
0.5	0.1	1024	9	0.0
0.5	0.1	2048	9	0.3
0.5	0.1	4096	9	1.0
0.5	0.1	3072	9	0.7
0.5	0.1	3584	9	1.0
0.5	0.1	3328	9	0.8
0.5	0.1	3456	9	0.6
0.5	0.1	3520	9	1.0
0.5	0.1	3488	9	1.0
0.5	0.1	3472	9	1.0
0.5	0.1	3464	9	0.9
0.5	0.1	3460	9	0.7
0.5	0.1	3462	9	1.0
0.5	0.1	3461	9	0.9
0.2	0.1	2	9	0.0
0.2	0.1	4	9	0.0
0.2	0.1	8	9	0.0
0.2	0.1	16	9	0.0
0.2	0.1	32	9	0.0
0.2	0.1	64	9	0.0
0.2	0.1	128	9	0.0
0.2	0.1	256	9	0.0
0.2	0.1	512	9	0.0
0.2	0.1	1024	9	0.0
0.2	0.1	2048	9	0.4
0.2	0.1	4096	9	1.0
0.2	0.1	3072	9	0.6
0.2	0.1	3584	9	0.8
0.2	0.1	3840	9	1.0
0.2	0.1	3712	9	1.0
0.2	0.1	3648	9	0.9
0.2	0.1	3616	9	0.8
0.2	0.1	3632	9	0.8
0.2	0.1	3640	9	1.0
0.2	0.1	3636	9	0.8
0.2	0.1	3638	9	1.0
0.2	0.1	3637	9	1.0
0.1111111111111111	0.1	2	9	0.0
0.1111111111111111	0.1	4	9	0.0
0.1111111111111111	0.1	8	9	0.0
0.1111111111111111	0.1	16	9	0.0
0.1111111111111111	0.1	32	9	0.0
0.1111111111111111	0.1	64	9	0.0
0.1111111111111111	0.1	128	9	0.0
0.1111111111111111	0.1	256	9	0.0
0.1111111111111111	0.1	512	9	0.0
0.1111111111111111	0.1	1024	9	0.0
0.1111111111111111	0.1	2048	9	0.2
0.1111111111111111	0.1	4096	9	1.0
0.1111111111111111	0.1	3072	9	0.9
0.1111111111111111	0.1	2560	9	0.7
0.1111111111111111	0.1	2816	9	0.6
0.1111111111111111	0.1	2944	9	0.6
0.1111111111111111	0.1	3008	9	0.7
0.1111111111111111	0.1	3040	9	0.7
0.1111111111111111	0.1	3056	9	0.5
0.1111111111111111	0.1	3064	9	0.9
0.1111111111111111	0.1	3060	9	0.8
0.1111111111111111	0.1	3062	9	0.8
0.1111111111111111	0.1	3063	9	0.8
0.07692307692307693	0.1	2	9	0.0
0.07692307692307693	0.1	4	9	0.0
0.07692307692307693	0.1	8	9	0.0
0.07692307692307693	0.1	16	9	0.0
0.07692307692307693	0.1	32	9	0.0
0.07692307692307693	0.1	64	9	0.0
0.07692307692307693	0.1	128	9	0.0
0.07692307692307693	0.1	256	9	0.0
0.07692307692307693	0.1	512	9	0.0
0.07692307692307693	0.1	1024	9	0.0
0.07692307692307693	0.1	2048	9	0.7
0.07692307692307693	0.1	4096	9	0.9
0.07692307692307693	0.1	3072	9	0.9
0.07692307692307693	0.1	2560	9	0.5
0.07692307692307693	0.1	2816	9	0.8
0.07692307692307693	0.1	2944	9	0.9
0.07692307692307693	0.1	2880	9	0.8
0.07692307692307693	0.1	2912	9	0.8
0.07692307692307693	0.1	2928	9	0.8
0.07692307692307693	0.1	2936	9	0.6
0.07692307692307693	0.1	2940	9	0.7
0.07692307692307693	0.1	2942	9	0.5
0.07692307692307693	0.1	2943	9	0.5
0.05882352941176471	0.1	2	9	0.0
0.05882352941176471	0.1	4	9	0.0
0.05882352941176471	0.1	8	9	0.0
0.05882352941176471	0.1	16	9	0.0
0.05882352941176471	0.1	32	9	0.0
0.05882352941176471	0.1	64	9	0.0
0.05882352941176471	0.1	128	9	0.0
0.05882352941176471	0.1	256	9	0.0
0.05882352941176471	0.1	512	9	0.0
0.05882352941176471	0.1	1024	9	0.0
0.05882352941176471	0.1	2048	9	0.4
0.05882352941176471	0.1	4096	9	1.0
0.05882352941176471	0.1	3072	9	0.9
0.05882352941176471	0.1	2560	9	0.6
0.05882352941176471	0.1	2816	9	0.9
0.05882352941176471	0.1	2688	9	0.7
0.05882352941176471	0.1	2752	9	0.7
0.05882352941176471	0.1	2784	9	0.7
0.05882352941176471	0.1	2800	9	0.7
0.05882352941176471	0.1	2808	9	0.9
0.05882352941176471	0.1	2804	9	0.7
0.05882352941176471	0.1	2806	9	0.9
0.05882352941176471	0.1	2805	9	0.8
0.047619047619047616	0.1	2	9	0.0
0.047619047619047616	0.1	4	9	0.0
0.047619047619047616	0.1	8	9	0.0
0.047619047619047616	0.1	16	9	0.0
0.047619047619047616	0.1	32	9	0.0
0.047619047619047616	0.1	64	9	0.0
0.047619047619047616	0.1	128	9	0.0
0.047619047619047616	0.1	256	9	0.0
0.047619047619047616	0.1	512	9	0.0
0.047619047619047616	0.1	1024	9	0.0
0.047619047619047616	0.1	2048	9	0.3
0.047619047619047616	0.1	4096	9	1.0
0.047619047619047616	0.1	3072	9	0.7
0.047619047619047616	0.1	3584	9	1.0
0.047619047619047616	0.1	3328	9	0.8
0.047619047619047616	0.1	3456	9	0.9
0.047619047619047616	0.1	3392	9	1.0
0.047619047619047616	0.1	3360	9	0.8
0.047619047619047616	0.1	3376	9	1.0
0.047619047619047616	0.1	3368	9	0.9
0.047619047619047616	0.1	3364	9	0.9
0.047619047619047616	0.1	3362	9	1.0
0.047619047619047616	0.1	3361	9	1.0
0.04	0.1	2	9	0.0
0.04	0.1	4	9	0.0
0.04	0.1	8	9	0.0
0.04	0.1	16	9	0.0
0.04	0.1	32	9	0.0
0.04	0.1	64	9	0.0
0.04	0.1	128	9	0.0
0.04	0.1	256	9	0.0
0.04	0.1	512	9	0.0
0.04	0.1	1024	9	0.0
0.04	0.1	2048	9	0.4
0.04	0.1	4096	9	1.0
0.04	0.1	3072	9	0.8
0.04	0.1	3584	9	1.0
0.04	0.1	3328	9	0.9
0.04	0.1	3200	9	0.9
0.04	0.1	3136	9	1.0
0.04	0.1	3104	9	0.8
0.04	0.1	3120	9	0.8
0.04	0.1	3128	9	0.9
0.04	0.1	3124	9	0.9
0.04	0.1	3122	9	0.8
0.04	0.1	3123	9	0.9
0.03448275862068965	0.1	2	9	0.0
0.03448275862068965	0.1	4	9	0.0
0.03448275862068965	0.1	8	9	0.0
0.03448275862068965	0.1	16	9	0.0
0.03448275862068965	0.1	32	9	0.0
0.03448275862068965	0.1	64	9	0.0
0.03448275862068965	0.1	128	9	0.0
0.03448275862068965	0.1	256	9	0.0
0.03448275862068965	0.1	512	9	0.0
0.03448275862068965	0.1	1024	9	0.0
0.03448275862068965	0.1	2048	9	0.3
0.03448275862068965	0.1	4096	9	0.9
0.03448275862068965	0.1	3072	9	1.0
0.03448275862068965	0.1	2560	9	0.4
0.03448275862068965	0.1	2816	9	0.8
0.03448275862068965	0.1	2944	9	0.8
0.03448275862068965	0.1	3008	9	0.8
0.03448275862068965	0.1	3040	9	0.9
0.03448275862068965	0.1	3024	9	0.8
0.03448275862068965	0.1	3032	9	0.9
0.03448275862068965	0.1	3028	9	0.7
0.03448275862068965	0.1	3030	9	0.9
0.03448275862068965	0.1	3029	9	0.9
0.030303030303030307	0.1	2	9	0.0
0.030303030303030307	0.1	4	9	0.0
0.030303030303030307	0.1	8	9	0.0
0.030303030303030307	0.1	16	9	0.0
0.030303030303030307	0.1	32	9	0.0
0.030303030303030307	0.1	64	9	0.0
0.030303030303030307	0.1	128	9	0.0
0.030303030303030307	0.1	256	9	0.0
0.030303030303030307	0.1	512	9	0.0
0.030303030303030307	0.1	1024	9	0.0
0.030303030303030307	0.1	2048	9	0.2
0.030303030303030307	0.1	4096	9	1.0
0.030303030303030307	0.1	3072	9	0.9
0.030303030303030307	0.1	2560	9	0.7
0.030303030303030307	0.1	2816	9	0.8
0.030303030303030307	0.1	2944	9	0.5
0.030303030303030307	0.1	3008	9	0.6
0.030303030303030307	0.1	3040	9	0.9
0.030303030303030307	0.1	3024	9	0.7
0.030303030303030307	0.1	3032	9	0.9
0.030303030303030307	0.1	3028	9	0.8
0.030303030303030307	0.1	3030	9	0.8
0.030303030303030307	0.1	3031	9	0.8
0.006666666666666667	0.1	2	9	0.0
0.006666666666666667	0.1	4	9	0.0
0.006666666666666667	0.1	8	9	0.0
0.006666666666666667	0.1	16	9	0.0
0.006666666666666667	0.1	32	9	0.0
0.006666666666666667	0.1	64	9	0.0
0.006666666666666667	0.1	128	9	0.0
0.006666666666666667	0.1	256	9	0.0
0.006666666666666667	0.1	512	9	0.0
0.006666666666666667	0.1	1024	9	0.0
0.006666666666666667	0.1	2048	9	0.5
0.006666666666666667	0.1	4096	9	0.9
0.006666666666666667	0.1	3072	9	0.6
0.006666666666666667	0.1	3584	9	0.9
0.006666666666666667	0.1	3328	9	0.9
0.006666666666666667	0.1	3200	9	0.6
0.006666666666666667	0.1	3264	9	0.9
0.006666666666666667	0.1	3232	9	0.8
0.006666666666666667	0.1	3248	9	1.0
0.006666666666666667	0.1	3240	9	0.8
0.006666666666666667	0.1	3244	9	0.9
0.006666666666666667	0.1	3242	9	0.8
0.006666666666666667	0.1	3243	9	0.8
0.0033333333333333327	0.1	2	9	0.0
0.0033333333333333327	0.1	4	9	0.0
0.0033333333333333327	0.1	8	9	0.0
0.0033333333333333327	0.1	16	9	0.0
0.0033333333333333327	0.1	32	9	0.0
0.0033333333333333327	0.1	64	9	0.0
0.0033333333333333327	0.1	128	9	0.0
0.0033333333333333327	0.1	256	9	0.0
0.0033333333333333327	0.1	512	9	0.0
0.0033333333333333327	0.1	1024	9	0.0
0.0033333333333333327	0.1	2048	9	0.5
0.0033333333333333327	0.1	4096	9	0.9
0.0033333333333333327	0.1	3072	9	0.7
0.0033333333333333327	0.1	3584	9	0.8
0.0033333333333333327	0.1	3840	9	1.0
0.0033333333333333327	0.1	3712	9	0.8
0.0033333333333333327	0.1	3776	9	1.0
0.0033333333333333327	0.1	3744	9	1.0
0.0033333333333333327	0.1	3728	9	1.0
0.0033333333333333327	0.1	3720	9	1.0
0.0033333333333333327	0.1	3716	9	0.9
0.0033333333333333327	0.1	3714	9	1.0
0.0033333333333333327	0.1	3713	9	1.0
1.0	0.125	2	9	0.0
1.0	0.125	4	9	0.0
1.0	0.125	8	9	0.0
1.0	0.125	16	9	0.0
1.0	0.125	32	9	0.0
1.0	0.125	64	9	0.0
1.0	0.125	128	9	0.0
1.0	0.125	256	9	0.0
1.0	0.125	512	9	0.0
1.0	0.125	1024	9	0.0
1.0	0.125	2048	9	0.3
1.0	0.125	4096	9	1.0
1.0	0.125	3072	9	0.9
1.0	0.125	2560	9	0.7
1.0	0.125	2816	9	0.8
1.0	0.125	2944	9	0.9
1.0	0.125	2880	9	0.9
1.0	0.125	2848	9	0.8
1.0	0.125	2864	9	0.7
1.0	0.125	2872	9	0.8
1.0	0.125	2876	9	1.0
1.0	0.125	2874	9	0.7
1.0	0.125	2875	9	0.7
0.5	0.125	2	9	0.0
0.5	0.125	4	9	0.0
0.5	0.125	8	9	0.0
0.5	0.125	16	9	0.0
0.5	0.125	32	9	0.0
0.5	0.125	64	9	0.0
0.5	0.125	128	9	0.0
0.5	0.125	256	9	0.0
0.5	0.125	512	9	0.0
0.5	0.125	1024	9	0.0
0.5	0.125	2048	9	0.2
0.5	0.125	4096	9	1.0
0.5	0.125	3072	9	0.8
0.5	0.125	3584	9	1.0
0.5	0.125	3328	9	1.0
0.5	0.125	3200	9	0.9
0.5	0.125	3136	9	1.0
0.5	0.125	3104	9	1.0
0.5	0.125	3088	9	1.0
0.5	0.125	3080	9	0.9
0.5	0.125	3076	9	1.0
0.5	0.125	3074	9	0.8
0.5	0.125	3075	9	0.9
0.2	0.125	2	9	0.0
0.2	0.125	4	9	0.0
0.2	0.125	8	9	0.0
0.2	0.125	16	9	0.0
0.2	0.125	32	9	0.0
0.2	0.125	64	9	0.0
0.2	0.125	128	9	0.0
0.2	0.125	256	9	0.0
0.2	0.125	512	9	0.0
0.2	0.125	1024	9	0.0
0.2	0.125	2048	9	0.3
0.2	0.125	4096	9	1.0
0.2	0.125	3072	9	0.8
0.2	0.125	3584	9	1.0
0.2	0.125	3328	9	1.0
0.2	0.125	3200	9	1.0
0.2	0.125	3136	9	0.9
0.2	0.125	3104	9	1.0
0.2	0.125	3088	9	1.0
0.2	0.125	3080	9	1.0
0.2	0.125	3076	9	1.0
0.2	0.125	3074	9	0.9
0.2	0.125	3073	9	0.9
0.1111111111111111	0.125	2	9	0.0
0.1111111111111111	0.125	4	9	0.0
0.1111111111111111	0.125	8	9	0.0
0.1111111111111111	0.125	16	9	0.0
0.1111111111111111	0.125	32	9	0.0
0.1111111111111111	0.125	64	9	0.0
0.1111111111111111	0.125	128	9	0.0
0.1111111111111111	0.125	256	9	0.0
0.1111111111111111	0.125	512	9	0.0
0.1111111111111111	0.125	1024	9	0.0
0.1111111111111111	0.125	2048	9	0.4
0.1111111111111111	0.125	4096	9	1.0
0.1111111111111111	0.125	3072	9	0.9
0.1111111111111111	0.125	2560	9	0.9
0.1111111111111111	0.125	2304	9	0.5
0.1111111111111111	0.125	2432	9	0.9
0.1111111111111111	0.125	2368	9	0.9
0.1111111111111111	0.125	2336	9	0.9
0.1111111111111111	0.125	2320	9	0.6
0.1111111111111111	0.125	2328	9	0.9
0.1111111111111111	0.125	2324	9	0.9
0.1111111111111111	0.125	2322	9	0.7
0.1111111111111111	0.125	2323	9	0.4
0.07692307692307693	0.125	2	9	0.0
0.07692307692307693	0.125	4	9	0.0
0.07692307692307693	0.125	8	9	0.0
0.07692307692307693	0.125	16	9	0.0
0.07692307692307693	0.125	32	9	0.0
0.07692307692307693	0.125	64	9	0.0
0.07692307692307693	0.125	128	9	0.0
0.07692307692307693	0.125	256	9	0.0
0.07692307692307693	0.125	512	9	0.0
0.07692307692307693	0.125	1024	9	0.0
0.07692307692307693	0.125	2048	9	0.5
0.07692307692307693	0.125	4096	9	1.0
0.07692307692307693	0.125	3072	9	0.9
0.07692307692307693	0.125	2560	9	0.9
0.07692307692307693	0.125	2304	9	0.7
0.07692307692307693	0.125	2432	9	0.7
0.07692307692307693	0.125	2496	9	0.9
0.07692307692307693	0.125	2464	9	0.8
0.07692307692307693	0.125	2480	9	0.6
0.07692307692307693	0.125	2488	9	1.0
0.07692307692307693	0.125	2484	9	0.9
0.07692307692307693	0.125	2482	9	0.9
0.07692307692307693	0.125	2481	9	0.8
0.05882352941176471	0.125	2	9	0.0
0.05882352941176471	0.125	4	9	0.0
0.05882352941176471	0.125	8	9	0.0
0.05882352941176471	0.125	16	9	0.0
0.05882352941176471	0.125	32	9	0.0
0.05882352941176471	0.125	64	9	0.0
0.05882352941176471	0.125	128	9	0.0
0.05882352941176471	0.125	256	9	0.0
0.05882352941176471	0.125	512	9	0.0
0.05882352941176471	0.125	1024	9	0.0
0.05882352941176471	0.125	2048	9	0.5
0.05882352941176471	0.125	4096	9	1.0
0.05882352941176471	0.125	3072	9	1.0
0.05882352941176471	0.125	2560	9	1.0
0.05882352941176471	0.125	2304	9	0.9
0.05882352941176471	0.125	2176	9	0.5
0.05882352941176471	0.125	2240	9	0.9
0.05882352941176471	0.125	2208	9	0.5
0.05882352941176471	0.125	2224	9	0.9
0.05882352941176471	0.125	2216	9	0.5
0.05882352941176471	0.125	2220	9	0.3
0.05882352941176471	0.125	2222	9	0.7
0.05882352941176471	0.125	2223	9	0.7
0.047619047619047616	0.125	2	9	0.0
0.047619047619047616	0.125	4	9	0.0
0.047619047619047616	0.125	8	9	0.0
0.047619047619047616	0.125	16	9	0.0
0.047619047619047616	0.125	32	9	0.0
0.047619047619047616	0.125	64	9	0.0
0.047619047619047616	0.125	128	9	0.0
0.047619047619047616	0.125	256	9	0.0
0.047619047619047616	0.125	512	9	0.0
0.047619047619047616	0.125	1024	9	0.1
0.047619047619047616	0.125	2048	9	0.5
0.047619047619047616	0.125	4096	9	1.0
0.047619047619047616	0.125	3072	9	1.0
0.047619047619047616	0.125	2560	9	1.0
0.047619047619047616	0.125	2304	9	0.7
0.047619047619047616	0.125	2432	9	0.7
0.047619047619047616	0.125	2496	9	1.0
0.047619047619047616	0.125	2464	9	1.0
0.047619047619047616	0.125	2448	9	0.8
0.047619047619047616	0.125	2456	9	0.9
0.047619047619047616	0.125	2452	9	0.5
0.047619047619047616	0.125	2454	9	0.5
0.047619047619047616	0.125	2455	9	0.8
0.04	0.125	2	9	0.0
0.04	0.125	4	9	0.0
0.04	0.125	8	9	0.0
0.04	0.125	16	9	0.0
0.04	0.125	32	9	0.0
0.04	0.125	64	9	0.0
0.04	0.125	128	9	0.0
0.04	0.125	256	9	0.0
0.04	0.125	512	9	0.0
0.04	0.125	1024	9	0.0
0.04	0.125	2048	9	0.5
0.04	0.125	4096	9	1.0
0.04	0.125	3072	9	0.9
0.04	0.125	2560	9	0.7
0.04	0.125	2816	9	0.9
0.04	0.125	2688	9	0.8
0.04	0.125	2752	9	1.0
0.04	0.125	2720	9	0.9
0.04	0.125	2704	9	0.9
0.04	0.125	2696	9	0.7
0.04	0.125	2700	9	0.9
0.04	0.125	2698	9	0.9
0.04	0.125	2697	9	1.0
0.03448275862068965	0.125	2	9	0.0
0.03448275862068965	0.125	4	9	0.0
0.03448275862068965	0.125	8	9	0.0
0.03448275862068965	0.125	16	9	0.0
0.03448275862068965	0.125	32	9	0.0
0.03448275862068965	0.125	64	9	0.0
0.03448275862068965	0.125	128	9	0.0
0.03448275862068965	0.125	256	9	0.0
0.03448275862068965	0.125	512	9	0.0
0.03448275862068965	0.125	1024	9	0.0
0.03448275862068965	0.125	2048	9	0.6
0.03448275862068965	0.125	4096	9	1.0
0.03448275862068965	0.125	3072	9	1.0
0.03448275862068965	0.125	2560	9	0.8
0.03448275862068965	0.125	2816	9	0.8
0.03448275862068965	0.125	2944	9	0.9
0.03448275862068965	0.125	2880	9	0.8
0.03448275862068965	0.125	2912	9	0.9
0.03448275862068965	0.125	2896	9	0.8
0.03448275862068965	0.125	2904	9	0.9
0.03448275862068965	0.125	2900	9	1.0
0.03448275862068965	0.125	2898	9	0.8
0.03448275862068965	0.125	2899	9	1.0
0.030303030303030307	0.125	2	9	0.0
0.030303030303030307	0.125	4	9	0.0
0.030303030303030307	0.125	8	9	0.0
0.030303030303030307	0.125	16	9	0.0
0.030303030303030307	0.125	32	9	0.0
0.030303030303030307	0.125	64	9	0.0
0.030303030303030307	0.125	128	9	0.0
0.030303030303030307	0.125	256	9	0.0
0.030303030303030307	0.125	512	9	0.0
0.030303030303030307	0.125	1024	9	0.0
0.030303030303030307	0.125	2048	9	0.6
0.030303030303030307	0.125	4096	9	1.0
0.030303030303030307	0.125	3072	9	0.9
0.030303030303030307	0.125	2560	9	0.9
0.030303030303030307	0.125	2304	9	0.9
0.030303030303030307	0.125	2176	9	0.7
0.030303030303030307	0.125	2240	9	0.9
0.030303030303030307	0.125	2208	9	0.5
0.030303030303030307	0.125	2224	9	0.8
0.030303030303030307	0.125	2232	9	0.9
0.030303030303030307	0.125	2228	9	0.7
0.030303030303030307	0.125	2230	9	0.5
0.030303030303030307	0.125	2231	9	0.9
0.006666666666666667	0.125	2	9	0.0
0.006666666666666667	0.125	4	9	0.0
0.006666666666666667	0.125	8	9	0.0
0.006666666666666667	0.125	16	9	0.0
0.006666666666666667	0.125	32	9	0.0
0.006666666666666667	0.125	64	9	0.0
0.006666666666666667	0.125	128	9	0.0
0.006666666666666667	0.125	256	9	0.0
0.006666666666666667	0.125	512	9	0.0
0.006666666666666667	0.125	1024	9	0.0
0.006666666666666667	0.125	2048	9	0.6
0.006666666666666667	0.125	4096	9	1.0
0.006666666666666667	0.125	3072	9	0.8
0.006666666666666667	0.125	3584	9	0.9
0.006666666666666667	0.125	3328	9	1.0
0.006666666666666667	0.125	3200	9	1.0
0.006666666666666667	0.125	3136	9	1.0
0.006666666666666667	0.125	3104	9	1.0
0.006666666666666667	0.125	3088	9	0.9
0.006666666666666667	0.125	3080	9	1.0
0.006666666666666667	0.125	3076	9	1.0
0.006666666666666667	0.125	3074	9	1.0
0.006666666666666667	0.125	3073	9	1.0
0.0033333333333333327	0.125	2	9	0.0
0.0033333333333333327	0.125	4	9	0.0
0.0033333333333333327	0.125	8	9	0.0
0.0033333333333333327	0.125	16	9	0.0
0.0033333333333333327	0.125	32	9	0.0
0.0033333333333333327	0.125	64	9	0.0
0.0033333333333333327	0.125	128	9	0.0
0.0033333333333333327	0.125	256	9	0.0
0.0033333333333333327	0.125	512	9	0.0
0.0033333333333333327	0.125	1024	9	0.0
0.0033333333333333327	0.125	2048	9	0.4
0.0033333333333333327	0.125	4096	9	1.0
0.0033333333333333327	0.125	3072	9	1.0
0.0033333333333333327	0.125	2560	9	0.8
0.0033333333333333327	0.125	2816	9	1.0
0.0033333333333333327	0.125	2688	9	0.9
0.0033333333333333327	0.125	2624	9	0.8
0.0033333333333333327	0.125	2656	9	0.9
0.0033333333333333327	0.125	2640	9	1.0
0.0033333333333333327	0.125	2632	9	0.9
0.0033333333333333327	0.125	2628	9	0.8
0.0033333333333333327	0.125	2630	9	0.7
0.0033333333333333327	0.125	2631	9	0.9
1.0	0.16666666666666666	2	9	0.0
1.0	0.16666666666666666	4	9	0.0
1.0	0.16666666666666666	8	9	0.0
1.0	0.16666666666666666	16	9	0.0
1.0	0.16666666666666666	32	9	0.0
1.0	0.16666666666666666	64	9	0.0
1.0	0.16666666666666666	128	9	0.0
1.0	0.16666666666666666	256	9	0.0
1.0	0.16666666666666666	512	9	0.0
1.0	0.16666666666666666	1024	9	0.0
1.0	0.16666666666666666	2048	9	0.6
1.0	0.16666666666666666	4096	9	1.0
1.0	0.16666666666666666	3072	9	0.9
1.0	0.16666666666666666	2560	9	0.9
1.0	0.16666666666666666	2304	9	0.9
1.0	0.16666666666666666	2176	9	0.8
1.0	0.16666666666666666	2240	9	0.8
1.0	0.16666666666666666	2272	9	0.9
1.0	0.16666666666666666	2256	9	0.9
1.0	0.16666666666666666	2248	9	0.7
1.0	0.16666666666666666	2252	9	0.7
1.0	0.16666666666666666	2254	9	0.9
1.0	0.16666666666666666	2253	9	0.7
0.5	0.16666666666666666	2	9	0.0
0.5	0.16666666666666666	4	9	0.0
0.5	0.16666666666666666	8	9	0.0
0.5	0.16666666666666666	16	9	0.0
0.5	0.16666666666666666	32	9	0.0
0.5	0.16666666666666666	64	9	0.0
0.5	0.16666666666666666	128	9	0.0
0.5	0.16666666666666666	256	9	0.0
0.5	0.16666666666666666	512	9	0.0
0.5	0.16666666666666666	1024	9	0.1
0.5	0.16666666666666666	2048	9	0.4
0.5	0.16666666666666666	4096	9	1.0
0.5	0.16666666666666666	3072	9	1.0
0.5	0.16666666666666666	2560	9	1.0
0.5	0.16666666666666666	2304	9	1.0
0.5	0.16666666666666666	2176	9	0.7
0.5	0.16666666666666666	2240	9	0.8
0.5	0.16666666666666666	2272	9	0.8
0.5	0.16666666666666666	2288	9	1.0
0.5	0.16666666666666666	2280	9	1.0
0.5	0.16666666666666666	2276	9	0.9
0.5	0.16666666666666666	2274	9	0.9
0.5	0.16666666666666666	2273	9	1.0
0.2	0.16666666666666666	2	9	0.0
0.2	0.16666666666666666	4	9	0.0
0.2	0.16666666666666666	8	9	0.0
0.2	0.16666666666666666	16	9	0.0
0.2	0.16666666666666666	32	9	0.0
0.2	0.16666666666666666	64	9	0.0
0.2	0.16666666666666666	128	9	0.0
0.2	0.16666666666666666	256	9	0.0
0.2	0.16666666666666666	512	9	0.0
0.2	0.16666666666666666	1024	9	0.1
0.2	0.16666666666666666	2048	9	0.7
0.2	0.16666666666666666	4096	9	1.0
0.2	0.16666666666666666	3072	9	1.0
0.2	0.16666666666666666	2560	9	1.0
0.2	0.16666666666666666	2304	9	0.9
0.2	0.16666666666666666	2176	9	0.9
0.2	0.16666666666666666	2112	9	0.8
0.2	0.16666666666666666	2144	9	0.9
0.2	0.16666666666666666	2128	9	0.8
0.2	0.16666666666666666	2136	9	0.8
0.2	0.16666666666666666	2140	9	0.9
0.2	0.16666666666666666	2138	9	0.9
0.2	0.16666666666666666	2137	9	0.9
0.1111111111111111	0.16666666666666666	2	9	0.0
0.1111111111111111	0.16666666666666666	4	9	0.0
0.1111111111111111	0.16666666666666666	8	9	0.0
0.1111111111111111	0.16666666666666666	16	9	0.0
0.1111111111111111	0.16666666666666666	32	9	0.0
0.1111111111111111	0.16666666666666666	64	9	0.0
0.1111111111111111	0.16666666666666666	128	9	0.0
0.1111111111111111	0.16666666666666666	256	9	0.0
0.1111111111111111	0.16666666666666666	512	9	0.0
0.1111111111111111	0.16666666666666666	1024	9	0.0
0.1111111111111111	0.16666666666666666	2048	9	0.9
0.1111111111111111	0.16666666666666666	1536	9	0.6
0.1111111111111111	0.16666666666666666	1792	9	0.8
0.1111111111111111	0.16666666666666666	1920	9	0.7
0.1111111111111111	0.16666666666666666	1984	9	0.6
0.1111111111111111	0.16666666666666666	2016	9	0.9
0.1111111111111111	0.16666666666666666	2000	9	0.6
0.1111111111111111	0.16666666666666666	2008	9	0.8
0.1111111111111111	0.16666666666666666	2012	9	0.8
0.1111111111111111	0.16666666666666666	2014	9	0.7
0.1111111111111111	0.16666666666666666	2015	9	0.6
0.07692307692307693	0.16666666666666666	2	9	0.0
0.07692307692307693	0.16666666666666666	4	9	0.0
0.07692307692307693	0.16666666666666666	8	9	0.0
0.07692307692307693	0.16666666666666666	16	9	0.0
0.07692307692307693	0.16666666666666666	32	9	0.0
0.07692307692307693	0.16666666666666666	64	9	0.0
0.07692307692307693	0.16666666666666666	128	9	0.0
0.07692307692307693	0.16666666666666666	256	9	0.0
0.07692307692307693	0.16666666666666666	512	9	0.0
0.07692307692307693	0.16666666666666666	1024	9	0.0
0.07692307692307693	0.16666666666666666	2048	9	0.8
0.07692307692307693	0.16666666666666666	4096	9	1.0
0.07692307692307693	0.16666666666666666	3072	9	0.9
0.07692307692307693	0.16666666666666666	2560	9	0.9
0.07692307692307693	0.16666666666666666	2304	9	1.0
0.07692307692307693	0.16666666666666666	2176	9	0.9
0.07692307692307693	0.16666666666666666	2112	9	1.0
0.07692307692307693	0.16666666666666666	2080	9	0.9
0.07692307692307693	0.16666666666666666	2064	9	0.9
0.07692307692307693	0.16666666666666666	2056	9	1.0
0.07692307692307693	0.16666666666666666	2052	9	1.0
0.07692307692307693	0.16666666666666666	2050	9	0.9
0.07692307692307693	0.16666666666666666	2049	9	0.9
0.05882352941176471	0.16666666666666666	2	9	0.0
0.05882352941176471	0.16666666666666666	4	9	0.0
0.05882352941176471	0.16666666666666666	8	9	0.0
0.05882352941176471	0.16666666666666666	16	9	0.0
0.05882352941176471	0.16666666666666666	32	9	0.0
0.05882352941176471	0.16666666666666666	64	9	0.0
0.05882352941176471	0.16666666666666666	128	9	0.0
0.05882352941176471	0.16666666666666666	256	9	0.0
0.05882352941176471	0.16666666666666666	512	9	0.0
0.05882352941176471	0.16666666666666666	1024	9	0.2
0.05882352941176471	0.16666666666666666	2048	9	0.8
0.05882352941176471	0.16666666666666666	4096	9	1.0
0.05882352941176471	0.16666666666666666	3072	9	1.0
0.05882352941176471	0.16666666666666666	2560	9	1.0
0.05882352941176471	0.16666666666666666	2304	9	0.9
0.05882352941176471	0.16666666666666666	2176	9	0.8
0.05882352941176471	0.16666666666666666	2240	9	0.9
0.05882352941176471	0.16666666666666666	2208	9	1.0
0.05882352941176471	0.16666666666666666	2192	9	1.0
0.05882352941176471	0.16666666666666666	2184	9	0.9
0.05882352941176471	0.16666666666666666	2180	9	0.9
0.05882352941176471	0.16666666666666666	2178	9	0.9
0.05882352941176471	0.16666666666666666	2177	9	1.0
0.047619047619047616	0.16666666666666666	2	9	0.0
0.047619047619047616	0.16666666666666666	4	9	0.0
0.047619047619047616	0.16666666666666666	8	9	0.0
0.047619047619047616	0.16666666666666666	16	9	0.0
0.047619047619047616	0.16666666666666666	32	9	0.0
0.047619047619047616	0.16666666666666666	64	9	0.0
0.047619047619047616	0.16666666666666666	128	9	0.0
0.047619047619047616	0.16666666666666666	256	9	0.0
0.047619047619047616	0.16666666666666666	512	9	0.0
0.047619047619047616	0.16666666666666666	1024	9	0.0
0.047619047619047616	0.16666666666666666	2048	9	1.0
0.047619047619047616	0.16666666666666666	1536	9	0.2
0.047619047619047616	0.16666666666666666	1792	9	0.8
0.047619047619047616	0.16666666666666666	1920	9	0.8
0.047619047619047616	0.16666666666666666	1984	9	0.9
0.047619047619047616	0.16666666666666666	1952	9	1.0
0.047619047619047616	0.16666666666666666	1936	9	0.9
0.047619047619047616	0.16666666666666666	1928	9	0.6
0.047619047619047616	0.16666666666666666	1932	9	1.0
0.047619047619047616	0.16666666666666666	1930	9	0.9
0.047619047619047616	0.16666666666666666	1929	9	0.7
0.04	0.16666666666666666	2	9	0.0
0.04	0.16666666666666666	4	9	0.0
0.04	0.16666666666666666	8	9	0.0
0.04	0.16666666666666666	16	9	0.0
0.04	0.16666666666666666	32	9	0.0
0.04	0.16666666666666666	64	9	0.0
0.04	0.16666666666666666	128	9	0.0
0.04	0.16666666666666666	256	9	0.0
0.04	0.16666666666666666	512	9	0.0
0.04	0.16666666666666666	1024	9	0.1
0.04	0.16666666666666666	2048	9	0.9
0.04	0.16666666666666666	1536	9	0.2
0.04	0.16666666666666666	1792	9	0.9
0.04	0.16666666666666666	1664	9	0.3
0.04	0.16666666666666666	1728	9	0.5
0.04	0.16666666666666666	1760	9	0.7
0.04	0.16666666666666666	1776	9	0.6
0.04	0.16666666666666666	1784	9	0.5
0.04	0.16666666666666666	1788	9	0.5
0.04	0.16666666666666666	1790	9	0.6
0.04	0.16666666666666666	1791	9	0.8
0.03448275862068965	0.16666666666666666	2	9	0.0
0.03448275862068965	0.16666666666666666	4	9	0.0
0.03448275862068965	0.16666666666666666	8	9	0.0
0.03448275862068965	0.16666666666666666	16	9	0.0
0.03448275862068965	0.16666666666666666	32	9	0.0
0.03448275862068965	0.16666666666666666	64	9	0.0
0.03448275862068965	0.16666666666666666	128	9	0.0
0.03448275862068965	0.16666666666666666	256	9	0.0
0.03448275862068965	0.16666666666666666	512	9	0.0
0.03448275862068965	0.16666666666666666	1024	9	0.0
0.03448275862068965	0.16666666666666666	2048	9	0.9
0.03448275862068965	0.16666666666666666	1536	9	0.7
0.03448275862068965	0.16666666666666666	1792	9	0.6
0.03448275862068965	0.16666666666666666	1920	9	0.7
0.03448275862068965	0.16666666666666666	1984	9	0.8
0.03448275862068965	0.16666666666666666	2016	9	1.0
0.03448275862068965	0.16666666666666666	2000	9	0.7
0.03448275862068965	0.16666666666666666	2008	9	1.0
0.03448275862068965	0.16666666666666666	2004	9	0.9
0.03448275862068965	0.16666666666666666	2002	9	0.9
0.03448275862068965	0.16666666666666666	2001	9	0.8
0.030303030303030307	0.16666666666666666	2	9	0.0
0.030303030303030307	0.16666666666666666	4	9	0.0
0.030303030303030307	0.16666666666666666	8	9	0.0
0.030303030303030307	0.16666666666666666	16	9	0.0
0.030303030303030307	0.16666666666666666	32	9	0.0
0.030303030303030307	0.16666666666666666	64	9	0.0
0.030303030303030307	0.16666666666666666	128	9	0.0
0.030303030303030307	0.16666666666666666	256	9	0.0
0.030303030303030307	0.16666666666666666	512	9	0.0
0.030303030303030307	0.16666666666666666	1024	9	0.1
0.030303030303030307	0.16666666666666666	2048	9	0.8
0.030303030303030307	0.16666666666666666	4096	9	1.0
0.030303030303030307	0.16666666666666666	3072	9	1.0
0.030303030303030307	0.16666666666666666	2560	9	1.0
0.030303030303030307	0.16666666666666666	2304	9	1.0
0.030303030303030307	0.16666666666666666	2176	9	1.0
0.030303030303030307	0.16666666666666666	2112	9	0.9
0.030303030303030307	0.16666666666666666	2080	9	0.8
0.030303030303030307	0.16666666666666666	2096	9	0.7
0.030303030303030307	0.16666666666666666	2104	9	1.0
0.030303030303030307	0.16666666666666666	2100	9	0.9
0.030303030303030307	0.16666666666666666	2098	9	0.8
0.030303030303030307	0.16666666666666666	2099	9	0.9
0.006666666666666667	0.16666666666666666	2	9	0.0
0.006666666666666667	0.16666666666666666	4	9	0.0
0.006666666666666667	0.16666666666666666	8	9	0.0
0.006666666666666667	0.16666666666666666	16	9	0.0
0.006666666666666667	0.16666666666666666	32	9	0.0
0.006666666666666667	0.16666666666666666	64	9	0.0
0.006666666666666667	0.16666666666666666	128	9	0.0
0.006666666666666667	0.16666666666666666	256	9	0.0
0.006666666666666667	0.16666666666666666	512	9	0.0
0.006666666666666667	0.16666666666666666	1024	9	0.0
0.006666666666666667	0.16666666666666666	2048	9	1.0
0.006666666666666667	0.16666666666666666	1536	9	0.3
0.006666666666666667	0.16666666666666666	1792	9	0.8
0.006666666666666667	0.16666666666666666	1920	9	1.0
0.006666666666666667	0.16666666666666666	1856	9	0.8
0.006666666666666667	0.16666666666666666	1888	9	0.7
0.006666666666666667	0.16666666666666666	1904	9	0.8
0.006666666666666667	0.16666666666666666	1912	9	0.5
0.006666666666666667	0.16666666666666666	1916	9	0.5
0.006666666666666667	0.16666666666666666	1918	9	0.9
0.006666666666666667	0.16666666666666666	1917	9	0.8
0.0033333333333333327	0.16666666666666666	2	9	0.0
0.0033333333333333327	0.16666666666666666	4	9	0.0
0.0033333333333333327	0.16666666666666666	8	9	0.0
0.0033333333333333327	0.16666666666666666	16	9	0.0
0.0033333333333333327	0.16666666666666666	32	9	0.0
0.0033333333333333327	0.16666666666666666	64	9	0.0
0.0033333333333333327	0.16666666666666666	128	9	0.0
0.0033333333333333327	0.16666666666666666	256	9	0.0
0.0033333333333333327	0.16666666666666666	512	9	0.0
0.0033333333333333327	0.16666666666666666	1024	9	0.0
0.0033333333333333327	0.16666666666666666	2048	9	0.9
0.0033333333333333327	0.16666666666666666	1536	9	0.4
0.0033333333333333327	0.16666666666666666	1792	9	0.5
0.0033333333333333327	0.16666666666666666	1920	9	1.0
0.0033333333333333327	0.16666666666666666	1856	9	0.9
0.0033333333333333327	0.16666666666666666	1824	9	0.8
0.0033333333333333327	0.16666666666666666	1840	9	0.8
0.0033333333333333327	0.16666666666666666	1848	9	1.0
0.0033333333333333327	0.16666666666666666	1844	9	1.0
0.0033333333333333327	0.16666666666666666	1842	9	0.6
0.0033333333333333327	0.16666666666666666	1843	9	0.4
1.0	0.25	2	9	0.0
1.0	0.25	4	9	0.0
1.0	0.25	8	9	0.0
1.0	0.25	16	9	0.0
1.0	0.25	32	9	0.0
1.0	0.25	64	9	0.0
1.0	0.25	128	9	0.0
1.0	0.25	256	9	0.0
1.0	0.25	512	9	0.0
1.0	0.25	1024	9	0.0
1.0	0.25	2048	9	1.0
1.0	0.25	1536	9	0.7
1.0	0.25	1792	9	0.8
1.0	0.25	1920	9	0.9
1.0	0.25	1856	9	0.9
1.0	0.25	1824	9	0.9
1.0	0.25	1808	9	0.9
1.0	0.25	1800	9	0.9
1.0	0.25	1796	9	1.0
1.0	0.25	1794	9	0.4
1.0	0.25	1795	9	1.0
0.5	0.25	2	9	0.0
0.5	0.25	4	9	0.0
0.5	0.25	8	9	0.0
0.5	0.25	16	9	0.0
0.5	0.25	32	9	0.0
0.5	0.25	64	9	0.0
0.5	0.25	128	9	0.0
0.5	0.25	256	9	0.0
0.5	0.25	512	9	0.0
0.5	0.25	1024	9	0.2
0.5	0.25	2048	9	1.0
0.5	0.25	1536	9	0.9
0.5	0.25	1280	9	0.6
0.5	0.25	1408	9	0.8
0.5	0.25	1472	9	0.7
0.5	0.25	1504	9	0.8
0.5	0.25	1520	9	0.4
0.5	0.25	1528	9	0.7
0.5	0.25	1532	9	0.5
0.5	0.25	1534	9	0.7
0.5	0.25	1535	9	0.7
0.2	0.25	2	9	0.0
0.2	0.25	4	9	0.0
0.2	0.25	8	9	0.0
0.2	0.25	16	9	0.0
0.2	0.25	32	9	0.0
0.2	0.25	64	9	0.0
0.2	0.25	128	9	0.0
0.2	0.25	256	9	0.0
0.2	0.25	512	9	0.0
0.2	0.25	1024	9	0.6
0.2	0.25	2048	9	1.0
0.2	0.25	1536	9	0.9
0.2	0.25	1280	9	0.7
0.2	0.25	1408	9	0.5
0.2	0.25	1472	9	0.9
0.2	0.25	1440	9	0.7
0.2	0.25	1456	9	0.9
0.2	0.25	1448	9	0.8
0.2	0.25	1452	9	0.8
0.2	0.25	1454	9	0.6
0.2	0.25	1455	9	0.7
0.1111111111111111	0.25	2	9	0.0
0.1111111111111111	0.25	4	9	0.0
0.1111111111111111	0.25	8	9	0.0
0.1111111111111111	0.25	16	9	0.0
0.1111111111111111	0.25	32	9	0.0
0.1111111111111111	0.25	64	9	0.0
0.1111111111111111	0.25	128	9	0.0
0.1111111111111111	0.25	256	9	0.0
0.1111111111111111	0.25	512	9	0.0
0.1111111111111111	0.25	1024	9	0.1
0.1111111111111111	0.25	2048	9	1.0
0.1111111111111111	0.25	1536	9	0.7
0.1111111111111111	0.25	1792	9	1.0
0.1111111111111111	0.25	1664	9	1.0
0.1111111111111111	0.25	1600	9	0.9
0.1111111111111111	0.25	1568	9	0.9
0.1111111111111111	0.25	1552	9	0.8
0.1111111111111111	0.25	1560	9	0.9
0.1111111111111111	0.25	1556	9	0.8
0.1111111111111111	0.25	1558	9	0.8
0.1111111111111111	0.25	1559	9	0.6
0.07692307692307693	0.25	2	9	0.0
0.07692307692307693	0.25	4	9	0.0
0.07692307692307693	0.25	8	9	0.0
0.07692307692307693	0.25	16	9	0.0
0.07692307692307693	0.25	32	9	0.0
0.07692307692307693	0.25	64	9	0.0
0.07692307692307693	0.25	128	9	0.0
0.07692307692307693	0.25	256	9	0.0
0.07692307692307693	0.25	512	9	0.0
0.07692307692307693	0.25	1024	9	0.1
0.07692307692307693	0.25	2048	9	1.0
0.07692307692307693	0.25	1536	9	0.9
0.07692307692307693	0.25	1280	9	0.9
0.07692307692307693	0.25	1152	9	0.6
0.07692307692307693	0.25	1216	9	0.6
0.07692307692307693	0.25	1248	9	0.6
0.07692307692307693	0.25	1264	9	0.6
0.07692307692307693	0.25	1272	9	0.7
0.07692307692307693	0.25	1276	9	0.5
0.07692307692307693	0.25	1278	9	0.6
0.07692307692307693	0.25	1279	9	0.6
0.05882352941176471	0.25	2	9	0.0
0.05882352941176471	0.25	4	9	0.0
0.05882352941176471	0.25	8	9	0.0
0.05882352941176471	0.25	16	9	0.0
0.05882352941176471	0.25	32	9	0.0
0.05882352941176471	0.25	64	9	0.0
0.05882352941176471	0.25	128	9	0.0
0.05882352941176471	0.25	256	9	0.0
0.05882352941176471	0.25	512	9	0.0
0.05882352941176471	0.25	1024	9	0.2
0.05882352941176471	0.25	2048	9	0.9
0.05882352941176471	0.25	1536	9	0.9
0.05882352941176471	0.25	1280	9	0.7
0.05882352941176471	0.25	1408	9	0.7
0.05882352941176471	0.25	1472	9	0.7
0.05882352941176471	0.25	1504	9	0.9
0.05882352941176471	0.25	1488	9	0.8
0.05882352941176471	0.25	1496	9	0.9
0.05882352941176471	0.25	1492	9	0.7
0.05882352941176471	0.25	1494	9	0.7
0.05882352941176471	0.25	1495	9	0.8
0.047619047619047616	0.25	2	9	0.0
0.047619047619047616	0.25	4	9	0.0
0.047619047619047616	0.25	8	9	0.0
0.047619047619047616	0.25	16	9	0.0
0.047619047619047616	0.25	32	9	0.0
0.047619047619047616	0.25	64	9	0.0
0.047619047619047616	0.25	128	9	0.0
0.047619047619047616	0.25	256	9	0.0
0.047619047619047616	0.25	512	9	0.0
0.047619047619047616	0.25	1024	9	0.2
0.047619047619047616	0.25	2048	9	1.0
0.047619047619047616	0.25	1536	9	0.6
0.047619047619047616	0.25	1792	9	1.0
0.047619047619047616	0.25	1664	9	1.0
0.047619047619047616	0.25	1600	9	0.9
0.047619047619047616	0.25	1568	9	0.7
0.047619047619047616	0.25	1584	9	1.0
0.047619047619047616	0.25	1576	9	0.9
0.047619047619047616	0.25	1572	9	0.9
0.047619047619047616	0.25	1570	9	0.9
0.047619047619047616	0.25	1569	9	0.9
0.04	0.25	2	9	0.0
0.04	0.25	4	9	0.0
0.04	0.25	8	9	0.0
0.04	0.25	16	9	0.0
0.04	0.25	32	9	0.0
0.04	0.25	64	9	0.0
0.04	0.25	128	9	0.0
0.04	0.25	256	9	0.0
0.04	0.25	512	9	0.0
0.04	0.25	1024	9	0.2
0.04	0.25	2048	9	0.9
0.04	0.25	1536	9	0.7
0.04	0.25	1792	9	1.0
0.04	0.25	1664	9	0.8
0.04	0.25	1728	9	0.9
0.04	0.25	1696	9	0.9
0.04	0.25	1680	9	1.0
0.04	0.25	1672	9	1.0
0.04	0.25	1668	9	0.9
0.04	0.25	1666	9	0.8
0.04	0.25	1667	9	0.8
0.03448275862068965	0.25	2	9	0.0
0.03448275862068965	0.25	4	9	0.0
0.03448275862068965	0.25	8	9	0.0
0.03448275862068965	0.25	16	9	0.0
0.03448275862068965	0.25	32	9	0.0
0.03448275862068965	0.25	64	9	0.0
0.03448275862068965	0.25	128	9	0.0
0.03448275862068965	0.25	256	9	0.0
0.03448275862068965	0.25	512	9	0.0
0.03448275862068965	0.25	1024	9	0.6
0.03448275862068965	0.25	2048	9	1.0
0.03448275862068965	0.25	1536	9	1.0
0.03448275862068965	0.25	1280	9	0.8
0.03448275862068965	0.25	1408	9	0.8
0.03448275862068965	0.25	1472	9	0.8
0.03448275862068965	0.25	1504	9	0.7
0.03448275862068965	0.25	1520	9	1.0
0.03448275862068965	0.25	1512	9	1.0
0.03448275862068965	0.25	1508	9	0.9
0.03448275862068965	0.25	1506	9	0.9
0.03448275862068965	0.25	1505	9	0.8
0.030303030303030307	0.25	2	9	0.0
0.030303030303030307	0.25	4	9	0.0
0.030303030303030307	0.25	8	9	0.0
0.030303030303030307	0.25	16	9	0.0
0.030303030303030307	0.25	32	9	0.0
0.030303030303030307	0.25	64	9	0.0
0.030303030303030307	0.25	128	9	0.0
0.030303030303030307	0.25	256	9	0.0
0.030303030303030307	0.25	512	9	0.0
0.030303030303030307	0.25	1024	9	0.5
0.030303030303030307	0.25	2048	9	1.0
0.030303030303030307	0.25	1536	9	0.8
0.030303030303030307	0.25	1792	9	1.0
0.030303030303030307	0.25	1664	9	0.8
0.030303030303030307	0.25	1728	9	0.9
0.030303030303030307	0.25	1696	9	0.9
0.030303030303030307	0.25	1680	9	0.9
0.030303030303030307	0.25	1672	9	1.0
0.030303030303030307	0.25	1668	9	1.0
0.030303030303030307	0.25	1666	9	0.9
0.030303030303030307	0.25	1665	9	1.0
0.006666666666666667	0.25	2	9	0.0
0.006666666666666667	0.25	4	9	0.0
0.006666666666666667	0.25	8	9	0.0
0.006666666666666667	0.25	16	9	0.0
0.006666666666666667	0.25	32	9	0.0
0.006666666666666667	0.25	64	9	0.0
0.006666666666666667	0.25	128	9	0.0
0.006666666666666667	0.25	256	9	0.0
0.006666666666666667	0.25	512	9	0.0
0.006666666666666667	0.25	1024	9	0.3
0.006666666666666667	0.25	2048	9	1.0
0.006666666666666667	0.25	1536	9	1.0
0.006666666666666667	0.25	1280	9	0.8
0.006666666666666667	0.25	1408	9	0.8
0.006666666666666667	0.25	1472	9	0.8
0.006666666666666667	0.25	1504	9	1.0
0.006666666666666667	0.25	1488	9	0.9
0.006666666666666667	0.25	1480	9	0.8
0.006666666666666667	0.25	1484	9	1.0
0.006666666666666667	0.25	1482	9	0.8
0.006666666666666667	0.25	1483	9	0.8
0.0033333333333333327	0.25	2	9	0.0
0.0033333333333333327	0.25	4	9	0.0
0.0033333333333333327	0.25	8	9	0.0
0.0033333333333333327	0.25	16	9	0.0
0.0033333333333333327	0.25	32	9	0.0
0.0033333333333333327	0.25	64	9	0.0
0.0033333333333333327	0.25	128	9	0.0
0.0033333333333333327	0.25	256	9	0.0
0.0033333333333333327	0.25	512	9	0.0
0.0033333333333333327	0.25	1024	9	0.3
0.0033333333333333327	0.25	2048	9	1.0
0.0033333333333333327	0.25	1536	9	1.0
0.0033333333333333327	0.25	1280	9	0.6
0.0033333333333333327	0.25	1408	9	0.8
0.0033333333333333327	0.25	1472	9	0.7
0.0033333333333333327	0.25	1504	9	0.8
0.0033333333333333327	0.25	1520	9	1.0
0.0033333333333333327	0.25	1512	9	0.9
0.0033333333333333327	0.25	1508	9	1.0
0.0033333333333333327	0.25	1506	9	0.9
0.0033333333333333327	0.25	1505	9	0.7
1.0	0.5	2	9	0.0
1.0	0.5	4	9	0.0
1.0	0.5	8	9	0.0
1.0	0.5	16	9	0.0
1.0	0.5	32	9	0.0
1.0	0.5	64	9	0.0
1.0	0.5	128	9	0.0
1.0	0.5	256	9	0.0
1.0	0.5	512	9	0.0
1.0	0.5	1024	9	0.3
1.0	0.5	2048	9	0.9
1.0	0.5	1536	9	0.9
1.0	0.5	1280	9	0.7
1.0	0.5	1408	9	0.6
1.0	0.5	1472	9	0.9
1.0	0.5	1440	9	0.7
1.0	0.5	1456	9	0.7
1.0	0.5	1464	9	0.9
1.0	0.5	1460	9	0.6
1.0	0.5	1462	9	0.6
1.0	0.5	1463	9	0.8
0.5	0.5	2	9	0.0
0.5	0.5	4	9	0.0
0.5	0.5	8	9	0.0
0.5	0.5	16	9	0.0
0.5	0.5	32	9	0.0
0.5	0.5	64	9	0.0
0.5	0.5	128	9	0.0
0.5	0.5	256	9	0.0
0.5	0.5	512	9	0.0
0.5	0.5	1024	9	0.5
0.5	0.5	2048	9	1.0
0.5	0.5	1536	9	1.0
0.5	0.5	1280	9	0.9
0.5	0.5	1152	9	0.8
0.5	0.5	1216	9	1.0
0.5	0.5	1184	9	0.9
0.5	0.5	1168	9	0.8
0.5	0.5	1176	9	0.7
0.5	0.5	1180	9	0.8
0.5	0.5	1182	9	0.8
0.5	0.5	1183	9	0.8
0.2	0.5	2	9	0.0
0.2	0.5	4	9	0.0
0.2	0.5	8	9	0.0
0.2	0.5	16	9	0.0
0.2	0.5	32	9	0.0
0.2	0.5	64	9	0.0
0.2	0.5	128	9	0.0
0.2	0.5	256	9	0.0
0.2	0.5	512	9	0.0
0.2	0.5	1024	9	0.8
0.2	0.5	2048	9	1.0
0.2	0.5	1536	9	1.0
0.2	0.5	1280	9	0.7
0.2	0.5	1408	9	1.0
0.2	0.5	1344	9	1.0
0.2	0.5	1312	9	1.0
0.2	0.5	1296	9	1.0
0.2	0.5	1288	9	1.0
0.2	0.5	1284	9	1.0
0.2	0.5	1282	9	0.9
0.2	0.5	1281	9	1.0
0.1111111111111111	0.5	2	9	0.0
0.1111111111111111	0.5	4	9	0.0
0.1111111111111111	0.5	8	9	0.0
0.1111111111111111	0.5	16	9	0.0
0.1111111111111111	0.5	32	9	0.0
0.1111111111111111	0.5	64	9	0.0
0.1111111111111111	0.5	128	9	0.0
0.1111111111111111	0.5	256	9	0.0
0.1111111111111111	0.5	512	9	0.0
0.1111111111111111	0.5	1024	9	0.5
0.1111111111111111	0.5	2048	9	1.0
0.1111111111111111	0.5	1536	9	1.0
0.1111111111111111	0.5	1280	9	0.9
0.1111111111111111	0.5	1152	9	0.9
0.1111111111111111	0.5	1088	9	1.0
0.1111111111111111	0.5	1056	9	0.6
0.1111111111111111	0.5	1072	9	0.7
0.1111111111111111	0.5	1080	9	1.0
0.1111111111111111	0.5	1076	9	1.0
0.1111111111111111	0.5	1074	9	1.0
0.1111111111111111	0.5	1073	9	0.7
0.07692307692307693	0.5	2	9	0.0
0.07692307692307693	0.5	4	9	0.0
0.07692307692307693	0.5	8	9	0.0
0.07692307692307693	0.5	16	9	0.0
0.07692307692307693	0.5	32	9	0.0
0.07692307692307693	0.5	64	9	0.0
0.07692307692307693	0.5	128	9	0.0
0.07692307692307693	0.5	256	9	0.0
0.07692307692307693	0.5	512	9	0.0
0.07692307692307693	0.5	1024	9	0.6
0.07692307692307693	0.5	2048	9	1.0
0.07692307692307693	0.5	1536	9	1.0
0.07692307692307693	0.5	1280	9	1.0
0.07692307692307693	0.5	1152	9	0.8
0.07692307692307693	0.5	1216	9	1.0
0.07692307692307693	0.5	1184	9	0.8
0.07692307692307693	0.5	1200	9	0.9
0.07692307692307693	0.5	1192	9	0.9
0.07692307692307693	0.5	1188	9	0.9
0.07692307692307693	0.5	1186	9	1.0
0.07692307692307693	0.5	1185	9	1.0
0.05882352941176471	0.5	2	9	0.0
0.05882352941176471	0.5	4	9	0.0
0.05882352941176471	0.5	8	9	0.0
0.05882352941176471	0.5	16	9	0.0
0.05882352941176471	0.5	32	9	0.0
0.05882352941176471	0.5	64	9	0.0
0.05882352941176471	0.5	128	9	0.0
0.05882352941176471	0.5	256	9	0.0
0.05882352941176471	0.5	512	9	0.1
0.05882352941176471	0.5	1024	9	0.9
0.05882352941176471	0.5	768	9	0.6
0.05882352941176471	0.5	896	9	0.9
0.05882352941176471	0.5	832	9	0.5
0.05882352941176471	0.5	864	9	0.6
0.05882352941176471	0.5	880	9	0.8
0.05882352941176471	0.5	888	9	0.9
0.05882352941176471	0.5	884	9	0.8
0.05882352941176471	0.5	886	9	0.6
0.05882352941176471	0.5	887	9	0.8
0.047619047619047616	0.5	2	9	0.0
0.047619047619047616	0.5	4	9	0.0
0.047619047619047616	0.5	8	9	0.0
0.047619047619047616	0.5	16	9	0.0
0.047619047619047616	0.5	32	9	0.0
0.047619047619047616	0.5	64	9	0.0
0.047619047619047616	0.5	128	9	0.0
0.047619047619047616	0.5	256	9	0.0
0.047619047619047616	0.5	512	9	0.1
0.047619047619047616	0.5	1024	9	1.0
0.047619047619047616	0.5	768	9	0.9
0.047619047619047616	0.5	640	9	0.5
0.047619047619047616	0.5	704	9	0.2
0.047619047619047616	0.5	736	9	0.5
0.047619047619047616	0.5	752	9	0.3
0.047619047619047616	0.5	760	9	0.3
0.047619047619047616	0.5	764	9	0.7
0.047619047619047616	0.5	766	9	0.6
0.047619047619047616	0.5	767	9	0.4
0.04	0.5	2	9	0.0
0.04	0.5	4	9	0.0
0.04	0.5	8	9	0.0
0.04	0.5	16	9	0.0
0.04	0.5	32	9	0.0
0.04	0.5	64	9	0.0
0.04	0.5	128	9	0.0
0.04	0.5	256	9	0.0
0.04	0.5	512	9	0.0
0.04	0.5	1024	9	0.8
0.04	0.5	2048	9	1.0
0.04	0.5	1536	9	1.0
0.04	0.5	1280	9	1.0
0.04	0.5	1152	9	1.0
0.04	0.5	1088	9	1.0
0.04	0.5	1056	9	0.9
0.04	0.5	1040	9	1.0
0.04	0.5	1032	9	0.9
0.04	0.5	1028	9	0.9
0.04	0.5	1026	9	0.7
0.04	0.5	1027	9	0.9
0.03448275862068965	0.5	2	9	0.0
0.03448275862068965	0.5	4	9	0.0
0.03448275862068965	0.5	8	9	0.0
0.03448275862068965	0.5	16	9	0.0
0.03448275862068965	0.5	32	9	0.0
0.03448275862068965	0.5	64	9	0.0
0.03448275862068965	0.5	128	9	0.0
0.03448275862068965	0.5	256	9	0.0
0.03448275862068965	0.5	512	9	0.1
0.03448275862068965	0.5	1024	9	0.8
0.03448275862068965	0.5	2048	9	1.0
0.03448275862068965	0.5	1536	9	1.0
0.03448275862068965	0.5	1280	9	0.9
0.03448275862068965	0.5	1152	9	1.0
0.03448275862068965	0.5	1088	9	0.9
0.03448275862068965	0.5	1056	9	1.0
0.03448275862068965	0.5	1040	9	0.8
0.03448275862068965	0.5	1048	9	1.0
0.03448275862068965	0.5	1044	9	0.9
0.03448275862068965	0.5	1042	9	0.9
0.03448275862068965	0.5	1041	9	0.9
0.030303030303030307	0.5	2	9	0.0
0.030303030303030307	0.5	4	9	0.0
0.030303030303030307	0.5	8	9	0.0
0.030303030303030307	0.5	16	9	0.0
0.030303030303030307	0.5	32	9	0.0
0.030303030303030307	0.5	64	9	0.0
0.030303030303030307	0.5	128	9	0.0
0.030303030303030307	0.5	256	9	0.0
0.030303030303030307	0.5	512	9	0.1
0.030303030303030307	0.5	1024	9	0.8
0.030303030303030307	0.5	2048	9	1.0
0.030303030303030307	0.5	1536	9	1.0
0.030303030303030307	0.5	1280	9	1.0
0.030303030303030307	0.5	1152	9	0.8
0.030303030303030307	0.5	1216	9	1.0
0.030303030303030307	0.5	1184	9	0.9
0.030303030303030307	0.5	1168	9	1.0
0.030303030303030307	0.5	1160	9	0.9
0.030303030303030307	0.5	1156	9	1.0
0.030303030303030307	0.5	1154	9	1.0
0.030303030303030307	0.5	1153	9	0.9
0.006666666666666667	0.5	2	9	0.0
0.006666666666666667	0.5	4	9	0.0
0.006666666666666667	0.5	8	9	0.0
0.006666666666666667	0.5	16	9	0.0
0.006666666666666667	0.5	32	9	0.0
0.006666666666666667	0.5	64	9	0.0
0.006666666666666667	0.5	128	9	0.0
0.006666666666666667	0.5	256	9	0.0
0.006666666666666667	0.5	512	9	0.1
0.006666666666666667	0.5	1024	9	0.8
0.006666666666666667	0.5	2048	9	1.0
0.006666666666666667	0.5	1536	9	1.0
0.006666666666666667	0.5	1280	9	1.0
0.006666666666666667	0.5	1152	9	0.9
0.006666666666666667	0.5	1088	9	0.9
0.006666666666666667	0.5	1056	9	1.0
0.006666666666666667	0.5	1040	9	0.9
0.006666666666666667	0.5	1032	9	0.7
0.006666666666666667	0.5	1036	9	1.0
0.006666666666666667	0.5	1034	9	0.9
0.006666666666666667	0.5	1033	9	0.9
0.0033333333333333327	0.5	2	9	0.0
0.0033333333333333327	0.5	4	9	0.0
0.0033333333333333327	0.5	8	9	0.0
0.0033333333333333327	0.5	16	9	0.0
0.0033333333333333327	0.5	32	9	0.0
0.0033333333333333327	0.5	64	9	0.0
0.0033333333333333327	0.5	128	9	0.0
0.0033333333333333327	0.5	256	9	0.0
0.0033333333333333327	0.5	512	9	0.0
0.0033333333333333327	0.5	1024	9	0.6
0.0033333333333333327	0.5	2048	9	1.0
0.0033333333333333327	0.5	1536	9	1.0
0.0033333333333333327	0.5	1280	9	1.0
0.0033333333333333327	0.5	1152	9	0.9
0.0033333333333333327	0.5	1088	9	0.8
0.0033333333333333327	0.5	1120	9	0.8
0.0033333333333333327	0.5	1136	9	1.0
0.0033333333333333327	0.5	1128	9	1.0
0.0033333333333333327	0.5	1124	9	0.9
0.0033333333333333327	0.5	1122	9	0.8
0.0033333333333333327	0.5	1123	9	0.9
1.0	1.0	2	9	0.0
1.0	1.0	4	9	0.0
1.0	1.0	8	9	0.0
1.0	1.0	16	9	0.0
1.0	1.0	32	9	0.0
1.0	1.0	64	9	0.0
1.0	1.0	128	9	0.0
1.0	1.0	256	9	0.0
1.0	1.0	512	9	0.0
1.0	1.0	1024	9	0.0
1.0	1.0	2048	9	0.7
1.0	1.0	4096	9	1.0
1.0	1.0	3072	9	0.9
1.0	1.0	2560	9	1.0
1.0	1.0	2304	9	0.8
1.0	1.0	2432	9	0.8
1.0	1.0	2496	9	0.9
1.0	1.0	2464	9	0.7
1.0	1.0	2480	9	0.8
1.0	1.0	2488	9	0.8
1.0	1.0	2492	9	1.0
1.0	1.0	2490	9	0.7
1.0	1.0	2491	9	1.0
0.5	1.0	2	9	0.0
0.5	1.0	4	9	0.0
0.5	1.0	8	9	0.0
0.5	1.0	16	9	0.0
0.5	1.0	32	9	0.0
0.5	1.0	64	9	0.0
0.5	1.0	128	9	0.0
0.5	1.0	256	9	0.0
0.5	1.0	512	9	0.0
0.5	1.0	1024	9	0.7
0.5	1.0	2048	9	1.0
0.5	1.0	1536	9	0.9
0.5	1.0	1280	9	0.7
0.5	1.0	1408	9	1.0
0.5	1.0	1344	9	1.0
0.5	1.0	1312	9	0.9
0.5	1.0	1296	9	0.7
0.5	1.0	1304	9	0.8
0.5	1.0	1308	9	0.8
0.5	1.0	1310	9	0.8
0.5	1.0	1311	9	0.8
0.2	1.0	2	9	0.0
0.2	1.0	4	9	0.0
0.2	1.0	8	9	0.0
0.2	1.0	16	9	0.0
0.2	1.0	32	9	0.0
0.2	1.0	64	9	0.0
0.2	1.0	128	9	0.0
0.2	1.0	256	9	0.0
0.2	1.0	512	9	0.0
0.2	1.0	1024	9	0.9
0.2	1.0	768	9	0.4
0.2	1.0	896	9	0.9
0.2	1.0	832	9	0.4
0.2	1.0	864	9	0.9
0.2	1.0	848	9	0.9
0.2	1.0	840	9	0.3
0.2	1.0	844	9	0.7
0.2	1.0	846	9	0.6
0.2	1.0	847	9	0.9
0.1111111111111111	1.0	2	9	0.0
0.1111111111111111	1.0	4	9	0.0
0.1111111111111111	1.0	8	9	0.0
0.1111111111111111	1.0	16	9	0.0
0.1111111111111111	1.0	32	9	0.0
0.1111111111111111	1.0	64	9	0.0
0.1111111111111111	1.0	128	9	0.0
0.1111111111111111	1.0	256	9	0.0
0.1111111111111111	1.0	512	9	0.0
0.1111111111111111	1.0	1024	9	1.0
0.1111111111111111	1.0	768	9	0.6
0.1111111111111111	1.0	896	9	1.0
0.1111111111111111	1.0	832	9	0.5
0.1111111111111111	1.0	864	9	0.9
0.1111111111111111	1.0	848	9	0.7
0.1111111111111111	1.0	856	9	0.6
0.1111111111111111	1.0	860	9	0.6
0.1111111111111111	1.0	862	9	0.6
0.1111111111111111	1.0	863	9	0.6
0.07692307692307693	1.0	2	9	0.0
0.07692307692307693	1.0	4	9	0.0
0.07692307692307693	1.0	8	9	0.0
0.07692307692307693	1.0	16	9	0.0
0.07692307692307693	1.0	32	9	0.0
0.07692307692307693	1.0	64	9	0.0
0.07692307692307693	1.0	128	9	0.0
0.07692307692307693	1.0	256	9	0.0
0.07692307692307693	1.0	512	9	0.0
0.07692307692307693	1.0	1024	9	1.0
0.07692307692307693	1.0	768	9	0.6
0.07692307692307693	1.0	896	9	0.7
0.07692307692307693	1.0	960	9	0.9
0.07692307692307693	1.0	928	9	0.7
0.07692307692307693	1.0	944	9	0.8
0.07692307692307693	1.0	952	9	0.7
0.07692307692307693	1.0	956	9	1.0
0.07692307692307693	1.0	954	9	0.9
0.07692307692307693	1.0	953	9	1.0
0.05882352941176471	1.0	2	9	0.0
0.05882352941176471	1.0	4	9	0.0
0.05882352941176471	1.0	8	9	0.0
0.05882352941176471	1.0	16	9	0.0
0.05882352941176471	1.0	32	9	0.0
0.05882352941176471	1.0	64	9	0.0
0.05882352941176471	1.0	128	9	0.0
0.05882352941176471	1.0	256	9	0.0
0.05882352941176471	1.0	512	9	0.2
0.05882352941176471	1.0	1024	9	0.9
0.05882352941176471	1.0	768	9	0.6
0.05882352941176471	1.0	896	9	0.7
0.05882352941176471	1.0	960	9	1.0
0.05882352941176471	1.0	928	9	0.8
0.05882352941176471	1.0	944	9	0.9
0.05882352941176471	1.0	936	9	0.8
0.05882352941176471	1.0	940	9	0.9
0.05882352941176471	1.0	938	9	0.9
0.05882352941176471	1.0	937	9	1.0
0.047619047619047616	1.0	2	9	0.0
0.047619047619047616	1.0	4	9	0.0
0.047619047619047616	1.0	8	9	0.0
0.047619047619047616	1.0	16	9	0.0
0.047619047619047616	1.0	32	9	0.0
0.047619047619047616	1.0	64	9	0.0
0.047619047619047616	1.0	128	9	0.0
0.047619047619047616	1.0	256	9	0.0
0.047619047619047616	1.0	512	9	0.1
0.047619047619047616	1.0	1024	9	0.7
0.047619047619047616	1.0	2048	9	1.0
0.047619047619047616	1.0	1536	9	1.0
0.047619047619047616	1.0	1280	9	1.0
0.047619047619047616	1.0	1152	9	1.0
0.047619047619047616	1.0	1088	9	1.0
0.047619047619047616	1.0	1056	9	0.7
0.047619047619047616	1.0	1072	9	1.0
0.047619047619047616	1.0	1064	9	0.8
0.047619047619047616	1.0	1068	9	1.0
0.047619047619047616	1.0	1066	9	0.9
0.047619047619047616	1.0	1065	9	0.9
0.04	1.0	2	9	0.0
0.04	1.0	4	9	0.0
0.04	1.0	8	9	0.0
0.04	1.0	16	9	0.0
0.04	1.0	32	9	0.0
0.04	1.0	64	9	0.0
0.04	1.0	128	9	0.0
0.04	1.0	256	9	0.0
0.04	1.0	512	9	0.0
0.04	1.0	1024	9	0.8
0.04	1.0	2048	9	1.0
0.04	1.0	1536	9	1.0
0.04	1.0	1280	9	1.0
0.04	1.0	1152	9	0.9
0.04	1.0	1088	9	0.8
0.04	1.0	1120	9	1.0
0.04	1.0	1104	9	1.0
0.04	1.0	1096	9	1.0
0.04	1.0	1092	9	0.9
0.04	1.0	1090	9	0.9
0.04	1.0	1089	9	1.0
0.03448275862068965	1.0	2	9	0.0
0.03448275862068965	1.0	4	9	0.0
0.03448275862068965	1.0	8	9	0.0
0.03448275862068965	1.0	16	9	0.0
0.03448275862068965	1.0	32	9	0.0
0.03448275862068965	1.0	64	9	0.0
0.03448275862068965	1.0	128	9	0.0
0.03448275862068965	1.0	256	9	0.0
0.03448275862068965	1.0	512	9	0.0
0.03448275862068965	1.0	1024	9	0.8
0.03448275862068965	1.0	2048	9	1.0
0.03448275862068965	1.0	1536	9	1.0
0.03448275862068965	1.0	1280	9	1.0
0.03448275862068965	1.0	1152	9	1.0
0.03448275862068965	1.0	1088	9	1.0
0.03448275862068965	1.0	1056	9	1.0
0.03448275862068965	1.0	1040	9	0.9
0.03448275862068965	1.0	1032	9	1.0
0.03448275862068965	1.0	1028	9	0.8
0.03448275862068965	1.0	1030	9	0.9
0.03448275862068965	1.0	1029	9	0.9
0.030303030303030307	1.0	2	9	0.0
0.030303030303030307	1.0	4	9	0.0
0.030303030303030307	1.0	8	9	0.0
0.030303030303030307	1.0	16	9	0.0
0.030303030303030307	1.0	32	9	0.0
0.030303030303030307	1.0	64	9	0.0
0.030303030303030307	1.0	128	9	0.0
0.030303030303030307	1.0	256	9	0.0
0.030303030303030307	1.0	512	9	0.2
0.030303030303030307	1.0	1024	9	1.0
0.030303030303030307	1.0	768	9	0.6
0.030303030303030307	1.0	896	9	0.9
0.030303030303030307	1.0	832	9	0.7
0.030303030303030307	1.0	864	9	0.8
0.030303030303030307	1.0	880	9	0.9
0.030303030303030307	1.0	872	9	0.8
0.030303030303030307	1.0	876	9	0.9
0.030303030303030307	1.0	874	9	0.8
0.030303030303030307	1.0	875	9	0.8
0.006666666666666667	1.0	2	9	0.0
0.006666666666666667	1.0	4	9	0.0
0.006666666666666667	1.0	8	9	0.0
0.006666666666666667	1.0	16	9	0.0
0.006666666666666667	1.0	32	9	0.0
0.006666666666666667	1.0	64	9	0.0
0.006666666666666667	1.0	128	9	0.0
0.006666666666666667	1.0	256	9	0.0
0.006666666666666667	1.0	512	9	0.0
0.006666666666666667	1.0	1024	9	1.0
0.006666666666666667	1.0	768	9	0.8
0.006666666666666667	1.0	896	9	1.0
0.006666666666666667	1.0	832	9	0.7
0.006666666666666667	1.0	864	9	0.8
0.006666666666666667	1.0	880	9	0.8
0.006666666666666667	1.0	888	9	1.0
0.006666666666666667	1.0	884	9	0.9
0.006666666666666667	1.0	882	9	1.0
0.006666666666666667	1.0	881	9	0.9
0.0033333333333333327	1.0	2	9	0.0
0.0033333333333333327	1.0	4	9	0.0
0.0033333333333333327	1.0	8	9	0.0
0.0033333333333333327	1.0	16	9	0.0
0.0033333333333333327	1.0	32	9	0.0
0.0033333333333333327	1.0	64	9	0.0
0.0033333333333333327	1.0	128	9	0.0
0.0033333333333333327	1.0	256	9	0.0
0.0033333333333333327	1.0	512	9	0.1
0.0033333333333333327	1.0	1024	9	1.0
0.0033333333333333327	1.0	768	9	0.5
0.0033333333333333327	1.0	896	9	0.8
0.0033333333333333327	1.0	960	9	0.9
0.0033333333333333327	1.0	928	9	0.9
0.0033333333333333327	1.0	912	9	0.9
0.0033333333333333327	1.0	904	9	0.9
0.0033333333333333327	1.0	900	9	0.8
0.0033333333333333327	1.0	902	9	0.8
0.0033333333333333327	1.0	903	9	0.6
1.0	2.0	2	9	0.0
1.0	2.0	4	9	0.0
1.0	2.0	8	9	0.0
1.0	2.0	16	9	0.0
1.0	2.0	32	9	0.0
1.0	2.0	64	9	0.0
1.0	2.0	128	9	0.0
1.0	2.0	256	9	0.0
1.0	2.0	512	9	0.0
1.0	2.0	1024	9	0.0
1.0	2.0	2048	9	0.0
1.0	2.0	4096	9	0.0
0.5	2.0	2	9	0.0
0.5	2.0	4	9	0.0
0.5	2.0	8	9	0.0
0.5	2.0	16	9	0.0
0.5	2.0	32	9	0.0
0.5	2.0	64	9	0.0
0.5	2.0	128	9	0.0
0.5	2.0	256	9	0.0
0.5	2.0	512	9	0.0
0.5	2.0	1024	9	0.0
0.5	2.0	2048	9	0.5
0.5	2.0	4096	9	1.0
0.5	2.0	3072	9	1.0
0.5	2.0	2560	9	0.8
0.5	2.0	2816	9	0.8
0.5	2.0	2944	9	0.9
0.5	2.0	2880	9	0.8
0.5	2.0	2912	9	0.9
0.5	2.0	2896	9	0.6
0.5	2.0	2904	9	1.0
0.5	2.0	2900	9	0.8
0.5	2.0	2902	9	0.8
0.5	2.0	2903	9	0.9
0.2	2.0	2	9	0.0
0.2	2.0	4	9	0.0
0.2	2.0	8	9	0.0
0.2	2.0	16	9	0.0
0.2	2.0	32	9	0.0
0.2	2.0	64	9	0.0
0.2	2.0	128	9	0.0
0.2	2.0	256	9	0.0
0.2	2.0	512	9	0.0
0.2	2.0	1024	9	0.1
0.2	2.0	2048	9	0.7
0.2	2.0	4096	9	1.0
0.2	2.0	3072	9	1.0
0.2	2.0	2560	9	1.0
0.2	2.0	2304	9	0.9
0.2	2.0	2176	9	0.9
0.2	2.0	2112	9	0.9
0.2	2.0	2080	9	1.0
0.2	2.0	2064	9	0.9
0.2	2.0	2056	9	0.8
0.2	2.0	2060	9	0.8
0.2	2.0	2062	9	1.0
0.2	2.0	2061	9	1.0
0.1111111111111111	2.0	2	9	0.0
0.1111111111111111	2.0	4	9	0.0
0.1111111111111111	2.0	8	9	0.0
0.1111111111111111	2.0	16	9	0.0
0.1111111111111111	2.0	32	9	0.0
0.1111111111111111	2.0	64	9	0.0
0.1111111111111111	2.0	128	9	0.0
0.1111111111111111	2.0	256	9	0.0
0.1111111111111111	2.0	512	9	0.0
0.1111111111111111	2.0	1024	9	0.0
0.1111111111111111	2.0	2048	9	0.9
0.1111111111111111	2.0	1536	9	0.8
0.1111111111111111	2.0	1792	9	0.8
0.1111111111111111	2.0	1920	9	1.0
0.1111111111111111	2.0	1856	9	0.7
0.1111111111111111	2.0	1888	9	0.9
0.1111111111111111	2.0	1872	9	1.0
0.1111111111111111	2.0	1864	9	1.0
0.1111111111111111	2.0	1860	9	1.0
0.1111111111111111	2.0	1858	9	0.7
0.1111111111111111	2.0	1859	9	0.9
0.07692307692307693	2.0	2	9	0.0
0.07692307692307693	2.0	4	9	0.0
0.07692307692307693	2.0	8	9	0.0
0.07692307692307693	2.0	16	9	0.0
0.07692307692307693	2.0	32	9	0.0
0.07692307692307693	2.0	64	9	0.0
0.07692307692307693	2.0	128	9	0.0
0.07692307692307693	2.0	256	9	0.0
0.07692307692307693	2.0	512	9	0.0
0.07692307692307693	2.0	1024	9	0.4
0.07692307692307693	2.0	2048	9	1.0
0.07692307692307693	2.0	1536	9	0.7
0.07692307692307693	2.0	1792	9	1.0
0.07692307692307693	2.0	1664	9	0.7
0.07692307692307693	2.0	1728	9	0.7
0.07692307692307693	2.0	1760	9	0.9
0.07692307692307693	2.0	1744	9	0.9
0.07692307692307693	2.0	1736	9	0.7
0.07692307692307693	2.0	1740	9	1.0
0.07692307692307693	2.0	1738	9	0.9
0.07692307692307693	2.0	1737	9	0.7
0.05882352941176471	2.0	2	9	0.0
0.05882352941176471	2.0	4	9	0.0
0.05882352941176471	2.0	8	9	0.0
0.05882352941176471	2.0	16	9	0.0
0.05882352941176471	2.0	32	9	0.0
0.05882352941176471	2.0	64	9	0.0
0.05882352941176471	2.0	128	9	0.0
0.05882352941176471	2.0	256	9	0.0
0.05882352941176471	2.0	512	9	0.0
0.05882352941176471	2.0	1024	9	0.1
0.05882352941176471	2.0	2048	9	1.0
0.05882352941176471	2.0	1536	9	0.8
0.05882352941176471	2.0	1792	9	0.8
0.05882352941176471	2.0	1920	9	0.8
0.05882352941176471	2.0	1984	9	1.0
0.05882352941176471	2.0	1952	9	0.9
0.05882352941176471	2.0	1936	9	0.8
0.05882352941176471	2.0	1944	9	1.0
0.05882352941176471	2.0	1940	9	0.9
0.05882352941176471	2.0	1938	9	0.9
0.05882352941176471	2.0	1937	9	1.0
0.047619047619047616	2.0	2	9	0.0
0.047619047619047616	2.0	4	9	0.0
0.047619047619047616	2.0	8	9	0.0
0.047619047619047616	2.0	16	9	0.0
0.047619047619047616	2.0	32	9	0.0
0.047619047619047616	2.0	64	9	0.0
0.047619047619047616	2.0	128	9	0.0
0.047619047619047616	2.0	256	9	0.0
0.047619047619047616	2.0	512	9	0.0
0.047619047619047616	2.0	1024	9	0.0
0.047619047619047616	2.0	2048	9	1.0
0.047619047619047616	2.0	1536	9	0.7
0.047619047619047616	2.0	1792	9	1.0
0.047619047619047616	2.0	1664	9	0.7
0.047619047619047616	2.0	1728	9	0.8
0.047619047619047616	2.0	1760	9	0.9
0.047619047619047616	2.0	1744	9	0.9
0.047619047619047616	2.0	1736	9	1.0
0.047619047619047616	2.0	1732	9	1.0
0.047619047619047616	2.0	1730	9	0.9
0.047619047619047616	2.0	1729	9	1.0
0.04	2.0	2	9	0.0
0.04	2.0	4	9	0.0
0.04	2.0	8	9	0.0
0.04	2.0	16	9	0.0
0.04	2.0	32	9	0.0
0.04	2.0	64	9	0.0
0.04	2.0	128	9	0.0
0.04	2.0	256	9	0.0
0.04	2.0	512	9	0.0
0.04	2.0	1024	9	0.3
0.04	2.0	2048	9	1.0
0.04	2.0	1536	9	1.0
0.04	2.0	1280	9	0.9
0.04	2.0	1152	9	0.4
0.04	2.0	1216	9	0.3
0.04	2.0	1248	9	0.7
0.04	2.0	1264	9	0.5
0.04	2.0	1272	9	0.6
0.04	2.0	1276	9	0.6
0.04	2.0	1278	9	0.8
0.04	2.0	1279	9	0.6
0.03448275862068965	2.0	2	9	0.0
0.03448275862068965	2.0	4	9	0.0
0.03448275862068965	2.0	8	9	0.0
0.03448275862068965	2.0	16	9	0.0
0.03448275862068965	2.0	32	9	0.0
0.03448275862068965	2.0	64	9	0.0
0.03448275862068965	2.0	128	9	0.0
0.03448275862068965	2.0	256	9	0.0
0.03448275862068965	2.0	512	9	0.0
0.03448275862068965	2.0	1024	9	0.1
0.03448275862068965	2.0	2048	9	0.9
0.03448275862068965	2.0	1536	9	0.7
0.03448275862068965	2.0	1792	9	1.0
0.03448275862068965	2.0	1664	9	0.8
0.03448275862068965	2.0	1728	9	0.9
0.03448275862068965	2.0	1696	9	0.7
0.03448275862068965	2.0	1712	9	0.9
0.03448275862068965	2.0	1704	9	1.0
0.03448275862068965	2.0	1700	9	0.6
0.03448275862068965	2.0	1702	9	1.0
0.03448275862068965	2.0	1701	9	0.8
0.030303030303030307	2.0	2	9	0.0
0.030303030303030307	2.0	4	9	0.0
0.030303030303030307	2.0	8	9	0.0
0.030303030303030307	2.0	16	9	0.0
0.030303030303030307	2.0	32	9	0.0
0.030303030303030307	2.0	64	9	0.0
0.030303030303030307	2.0	128	9	0.0
0.030303030303030307	2.0	256	9	0.0
0.030303030303030307	2.0	512	9	0.0
0.030303030303030307	2.0	1024	9	0.3
0.030303030303030307	2.0	2048	9	1.0
0.030303030303030307	2.0	1536	9	0.6
0.030303030303030307	2.0	1792	9	1.0
0.030303030303030307	2.0	1664	9	0.8
0.030303030303030307	2.0	1728	9	0.7
0.030303030303030307	2.0	1760	9	1.0
0.030303030303030307	2.0	1744	9	1.0
0.030303030303030307	2.0	1736	9	0.8
0.030303030303030307	2.0	1740	9	0.9
0.030303030303030307	2.0	1738	9	0.9
0.030303030303030307	2.0	1737	9	1.0
0.006666666666666667	2.0	2	9	0.0
0.006666666666666667	2.0	4	9	0.0
0.006666666666666667	2.0	8	9	0.0
0.006666666666666667	2.0	16	9	0.0
0.006666666666666667	2.0	32	9	0.0
0.006666666666666667	2.0	64	9	0.0
0.006666666666666667	2.0	128	9	0.0
0.006666666666666667	2.0	256	9	0.0
0.006666666666666667	2.0	512	9	0.0
0.006666666666666667	2.0	1024	9	0.3
0.006666666666666667	2.0	2048	9	1.0
0.006666666666666667	2.0	1536	9	0.9
0.006666666666666667	2.0	1280	9	0.8
0.006666666666666667	2.0	1408	9	0.9
0.006666666666666667	2.0	1344	9	0.4
0.006666666666666667	2.0	1376	9	0.8
0.006666666666666667	2.0	1392	9	0.7
0.006666666666666667	2.0	1400	9	0.7
0.006666666666666667	2.0	1404	9	0.9
0.006666666666666667	2.0	1402	9	0.6
0.006666666666666667	2.0	1403	9	0.5
0.0033333333333333327	2.0	2	9	0.0
0.0033333333333333327	2.0	4	9	0.0
0.0033333333333333327	2.0	8	9	0.0
0.0033333333333333327	2.0	16	9	0.0
0.0033333333333333327	2.0	32	9	0.0
0.0033333333333333327	2.0	64	9	0.0
0.0033333333333333327	2.0	128	9	0.0
0.0033333333333333327	2.0	256	9	0.0
0.0033333333333333327	2.0	512	9	0.0
0.0033333333333333327	2.0	1024	9	0.1
0.0033333333333333327	2.0	2048	9	1.0
0.0033333333333333327	2.0	1536	9	1.0
0.0033333333333333327	2.0	1280	9	0.5
0.0033333333333333327	2.0	1408	9	0.7
0.0033333333333333327	2.0	1472	9	0.6
0.0033333333333333327	2.0	1504	9	0.8
0.0033333333333333327	2.0	1520	9	0.8
0.0033333333333333327	2.0	1528	9	1.0
0.0033333333333333327	2.0	1524	9	0.8
0.0033333333333333327	2.0	1526	9	1.0
0.0033333333333333327	2.0	1525	9	0.8
